0 1.000000000000e+00
3 4.967600437878e-01
6 2.286878169948e-01
9 1.452494116534e-01
12 9.232818014690e-02
15 7.406323495199e-02
18 5.754748934536e-02
21 4.714260055897e-02
24 3.441274552243e-02
27 2.495656635977e-02
30 2.212238011315e-02
33 2.037021630476e-02
36 1.603455162088e-02
39 1.215649754276e-02
42 1.006009148679e-02
45 7.922797148238e-03
48 7.275821081702e-03
51 7.941332212475e-03
54 5.384504162757e-03
57 4.984727409183e-03
60 4.944485642219e-03
63 3.385419933002e-03
66 3.946313491980e-03
69 2.694056640491e-03
72 2.689654647809e-03
75 2.376544777275e-03
78 2.487898697946e-03
81 2.125519503064e-03
84 1.804887272299e-03
87 1.468945040119e-03
90 1.502710921599e-03
93 1.212189117051e-03
96 1.165970260179e-03
99 1.437372450451e-03
102 1.084900263436e-03
105 1.165672826125e-03
108 1.241704825491e-03
111 1.373700994711e-03
114 1.206249716400e-03
117 1.160635063217e-03
120 1.497810440182e-03
123 1.302480089845e-03
126 1.020600072379e-03
129 1.203699441173e-03
132 1.546394619495e-03
135 9.601664679333e-04
138 1.001070695557e-03
141 8.297084865730e-04
144 1.056837163575e-03
147 7.969901550082e-04
150 9.374837087258e-04
153 9.081462247527e-04
156 8.890088115676e-04
159 8.362699721498e-04
162 5.877966923009e-04
165 6.688662757884e-04
168 5.919167870598e-04
171 5.192252255631e-04
174 6.124438194357e-04
177 4.790760212256e-04
180 5.137569801594e-04
183 5.050146233769e-04
186 4.245574816096e-04
189 4.331239014209e-04
192 4.355851538956e-04
195 5.287989215994e-04
198 4.616828318080e-04
201 5.160530065808e-04
204 4.748953375563e-04
207 4.469024711747e-04
210 4.354405941158e-04
213 5.199824672824e-04
216 5.844445128125e-04
219 4.626694839016e-04
222 5.218417694138e-04
225 3.990342249395e-04
228 4.232597814872e-04
231 3.047585005614e-04
234 3.331785487052e-04
237 3.467983113454e-04
240 3.719763207684e-04
243 2.782307443283e-04
246 3.035955230144e-04
249 3.046759522760e-04
252 3.314714334452e-04
255 2.577668441142e-04
258 2.736884584820e-04
261 2.649263043038e-04
264 3.158602342734e-04
267 3.097433781781e-04
270 2.800165599814e-04
273 2.576563317891e-04
276 2.292231756423e-04
279 3.317623501954e-04
282 2.879892179385e-04
285 2.696585961432e-04
288 2.459731153715e-04
291 3.372800009315e-04
294 2.500997624413e-04
297 3.329466263172e-04
300 2.724039901133e-04
303 2.964439543056e-04
306 2.512348970202e-04
309 2.539514049959e-04
312 2.784093500715e-04
315 2.207344356566e-04
318 2.705323010633e-04
321 2.774426221671e-04
324 2.770503788563e-04
327 2.335697889009e-04
330 3.189842701505e-04
333 2.571394283801e-04
336 2.412727488695e-04
339 2.241195771068e-04
342 3.382551982603e-04
345 2.331548722680e-04
348 2.211710225801e-04
351 1.950936582186e-04
354 1.842761315592e-04
357 1.589712998997e-04
360 2.372237506054e-04
363 1.839496825196e-04
366 2.146089298474e-04
369 2.364921117209e-04
372 1.897139260507e-04
375 1.995008144814e-04
378 1.994040566195e-04
381 1.778617271123e-04
384 1.857050925486e-04
387 1.954301200754e-04
390 2.224197843701e-04
393 1.687871175249e-04
396 2.328154107140e-04
399 2.434129348305e-04
402 2.012061315604e-04
405 2.282658715928e-04
408 2.436462532697e-04
411 2.417745475525e-04
414 2.057313453516e-04
417 2.026499964043e-04
420 2.068326981196e-04
423 1.817654492265e-04
426 1.612796044457e-04
429 1.831409490332e-04
432 2.039013392246e-04
435 1.681032410296e-04
438 1.830971119139e-04
441 1.502775903806e-04
444 1.535234788437e-04
447 1.713587837964e-04
450 1.635385033180e-04
453 2.012532471868e-04
456 2.020480694942e-04
459 2.107268185772e-04
462 3.395530858085e-04
465 2.153303113821e-04
468 2.967571046407e-04
471 2.325759404676e-04
474 2.624645413070e-04
477 2.003392730869e-04
480 2.094030351278e-04
483 2.501876396522e-04
486 2.513481391987e-04
489 1.892013876992e-04
492 2.209383128763e-04
495 1.904240551914e-04
498 1.717922891336e-04
501 1.704415600587e-04
504 1.901889823987e-04
507 1.675177315266e-04
510 2.005303056122e-04
513 1.869782783337e-04
516 1.351205031662e-04
519 1.504950079596e-04
522 1.488941935260e-04
525 1.459818694050e-04
528 1.097554712085e-04
531 1.248640952055e-04
534 1.283631223075e-04
537 9.766831733555e-05
540 1.198813469631e-04
543 1.154943187699e-04
546 1.477125792640e-04
549 1.074009492749e-04
552 1.390429194711e-04
555 1.181132015068e-04
558 1.175738229405e-04
561 1.365132883609e-04
564 1.332088821635e-04
567 1.256728169838e-04
570 1.256518526238e-04
573 1.617533299885e-04
576 1.923558164882e-04
579 1.478181027993e-04
582 1.827566761713e-04
585 1.644945122885e-04
588 1.776152949110e-04
591 1.556180813063e-04
594 2.005120886810e-04
597 1.681353806361e-04
600 1.362391062828e-04
603 1.619524680478e-04
606 1.190025998342e-04
609 1.116167421974e-04
612 1.202496847443e-04
615 1.311705508285e-04
618 9.813899450039e-05
621 1.206525789829e-04
624 1.140480186418e-04
627 1.025899388359e-04
630 1.007654106700e-04
633 1.066606141902e-04
636 9.563990383875e-05
639 1.189867486383e-04
642 9.439716372041e-05
645 1.208958133796e-04
648 1.160334955371e-04
651 1.059521843745e-04
654 1.782803630358e-04
657 1.042973452996e-04
660 1.150951067853e-04
663 2.069342816763e-04
666 1.279289092167e-04
669 1.591328348679e-04
672 1.708696151632e-04
675 1.626622000349e-04
678 1.643426203931e-04
681 1.388244293372e-04
684 1.399862067263e-04
687 1.536105496681e-04
690 1.401937516807e-04
693 1.158605420653e-04
696 1.100619675343e-04
699 1.185835609912e-04
702 1.255321243216e-04
705 8.988088828922e-05
708 1.153268319283e-04
711 1.180628347415e-04
714 1.095945109855e-04
717 1.621836095855e-04
720 1.096717739212e-04
723 1.067937480420e-04
726 1.301817597564e-04
729 1.018311211624e-04
732 1.179842884731e-04
735 1.001390922869e-04
738 1.323347660006e-04
741 9.133858108356e-05
744 1.070371240189e-04
747 1.056474426182e-04
750 1.117666529353e-04
753 1.088850524720e-04
756 1.066881813644e-04
759 1.026120193818e-04
762 8.548502085918e-05
765 9.490162370803e-05
768 7.585389359511e-05
771 6.903267856401e-05
774 8.904485948545e-05
777 7.378493573871e-05
780 7.096466308019e-05
783 7.382760090569e-05
786 6.449816593472e-05
789 7.985376560670e-05
792 1.202053204422e-04
795 1.266532444792e-04
798 1.056074741356e-04
801 1.302505231898e-04
804 1.166368480850e-04
807 1.389514987205e-04
810 1.145972270058e-04
813 1.236144863533e-04
816 1.095016486336e-04
819 1.108978401051e-04
822 8.821744534382e-05
825 9.839476191573e-05
828 9.830776191016e-05
831 1.014111200554e-04
834 9.565809068181e-05
837 8.234205419710e-05
840 8.061249702352e-05
843 9.428281285727e-05
846 6.364510139287e-05
849 6.583483037939e-05
852 9.669286218302e-05
855 6.102316163969e-05
858 1.029950562432e-04
861 7.907221054327e-05
864 1.313597734270e-04
867 9.993086327243e-05
870 1.115568850521e-04
873 9.044339063025e-05
876 1.052005981553e-04
879 1.084486676743e-04
882 1.149175765570e-04
885 8.370334270610e-05
888 8.535436767655e-05
891 1.026654993277e-04
894 1.030471823048e-04
897 8.002483307898e-05
900 7.484392985030e-05
903 8.334884944795e-05
906 6.234448934207e-05
909 6.055780234965e-05
912 8.416265224097e-05
915 5.507001417042e-05
918 6.598561946726e-05
921 8.265444098738e-05
924 7.595982649803e-05
927 9.413228998867e-05
930 8.666317901890e-05
933 9.567115328598e-05
936 6.667266965926e-05
939 8.948196610260e-05
942 6.794109254728e-05
945 9.042378487388e-05
948 6.880730131675e-05
951 1.060890371582e-04
954 6.636958724767e-05
957 6.908264260991e-05
960 5.287511150920e-05
963 5.993308981890e-05
966 7.706210751984e-05
969 6.890009028432e-05
972 7.351282812962e-05
975 6.195042784947e-05
978 5.643372462753e-05
981 5.170545462979e-05
984 6.161298036471e-05
987 5.938614820617e-05
990 7.116950758355e-05
993 6.722262512856e-05
996 7.356032945655e-05
999 7.300244902297e-05
1002 8.150295745398e-05
1005 8.583095114020e-05
1008 7.749903902446e-05
1011 6.615206826162e-05
1014 7.633586407989e-05
1017 7.199807503289e-05
1020 9.135247215365e-05
1023 7.609086679517e-05
1026 8.095147765775e-05
1029 7.715506326827e-05
1032 8.263281206361e-05
1035 4.881830310214e-05
1038 6.934642178766e-05
1041 5.203595636545e-05
1044 5.004908838686e-05
1047 5.150963464775e-05
1050 5.671047272930e-05
1053 7.073580171058e-05
1056 6.441937119952e-05
1059 5.323445089812e-05
1062 6.278797774889e-05
1065 5.330475461687e-05
1068 7.722157931933e-05
1071 5.638100682793e-05
1074 6.594143558110e-05
1077 5.852956050833e-05
1080 6.709883423497e-05
1083 8.399473827885e-05
1086 6.170094386063e-05
1089 1.013000553500e-04
1092 7.213411155741e-05
1095 9.748749365583e-05
1098 8.274272992962e-05
1101 6.981319463978e-05
1104 7.168446712795e-05
1107 5.397855134718e-05
1110 5.632862577676e-05
1113 5.727348477051e-05
1116 5.536593292334e-05
1119 4.636089429756e-05
1122 5.251333514971e-05
1125 3.753333897085e-05
1128 4.226159493874e-05
1131 4.467582159157e-05
1134 4.937642359332e-05
1137 4.641627418193e-05
1140 5.628959279486e-05
1143 6.522715162836e-05
1146 6.282111532484e-05
1149 6.031658109143e-05
1152 6.250605919169e-05
1155 6.823831777520e-05
1158 6.854526074354e-05
1161 1.022397148745e-04
1164 8.290608389885e-05
1167 9.594103543754e-05
1170 8.846924566871e-05
1173 8.119894219886e-05
1176 8.937825983909e-05
1179 6.927905417310e-05
1182 7.091560046205e-05
1185 6.319820112730e-05
1188 6.523300758905e-05
1191 6.099815896748e-05
1194 5.277678777589e-05
1197 5.326186263957e-05
1200 4.536509484346e-05
1203 3.963632820646e-05
1206 4.401113234537e-05
1209 4.418164322141e-05
1212 4.907537988567e-05
1215 4.786728448138e-05
1218 6.199899545909e-05
1221 4.692573130367e-05
1224 4.988890155746e-05
1227 6.483419112685e-05
1230 6.045204883832e-05
1233 6.127336510786e-05
1236 7.273965676811e-05
1239 8.767479595629e-05
1242 7.777437720501e-05
1245 8.887787477285e-05
1248 7.205999978513e-05
1251 6.431144467193e-05
1254 7.245046943914e-05
1257 6.658942243664e-05
1260 7.193628662349e-05
1263 5.234390431643e-05
1266 8.973183584439e-05
1269 5.658107169001e-05
1272 7.030734143911e-05
1275 6.680216867986e-05
1278 6.639166724761e-05
1281 6.582664319350e-05
1284 4.685869811784e-05
1287 4.785108882465e-05
1290 4.544980093541e-05
1293 6.449234836478e-05
1296 4.701410548974e-05
1299 5.814733258545e-05
1302 6.560468725400e-05
1305 5.719180908219e-05
1308 6.802095987869e-05
1311 6.452895217484e-05
1314 7.721204584008e-05
1317 6.762077146868e-05
1320 6.933072340343e-05
1323 5.685667562521e-05
1326 6.345490041972e-05
1329 5.216226847197e-05
1332 5.488540895163e-05
1335 6.798129623757e-05
1338 4.242285448330e-05
1341 4.616969667551e-05
1344 6.635141851224e-05
1347 4.829143655680e-05
1350 7.288768251214e-05
1353 5.752509760822e-05
1356 5.926605882865e-05
1359 7.833724073860e-05
1362 5.858373851811e-05
1365 6.854103353972e-05
1368 6.228998683531e-05
1371 6.701344495412e-05
1374 6.594878579425e-05
1377 7.543556617956e-05
1380 7.107504479535e-05
1383 7.059555389907e-05
1386 6.918045596841e-05
1389 6.412569614041e-05
1392 5.984793105097e-05
1395 6.482245004089e-05
1398 5.662124400675e-05
1401 5.410170681979e-05
1404 5.106008472318e-05
1407 5.058558957406e-05
1410 4.467950457324e-05
1413 6.609500353732e-05
1416 3.629219327740e-05
1419 3.585819304416e-05
1422 4.286892090722e-05
1425 3.910435992204e-05
1428 3.613636839947e-05
1431 3.826417096104e-05
1434 5.186816344197e-05
1437 6.309024362965e-05
1440 6.605313754121e-05
1443 7.065059317584e-05
1446 7.245800149170e-05
1449 5.972779704361e-05
1452 6.964461533967e-05
1455 6.211537785503e-05
1458 7.183230515869e-05
1461 5.583508153408e-05
1464 7.555511747070e-05
1467 6.049690857395e-05
1470 6.655098060882e-05
1473 7.580583306117e-05
1476 7.074315010908e-05
1479 5.380199440359e-05
1482 6.482337597728e-05
1485 5.093167187376e-05
1488 4.150720777618e-05
1491 5.442361611429e-05
1494 4.394639169488e-05
1497 4.372955796197e-05
1500 3.548079728702e-05
1503 4.627290873053e-05
1506 3.966213103565e-05
1509 5.224382454743e-05
1512 4.280608454555e-05
1515 4.487862307067e-05
1518 5.543762880424e-05
1521 4.278640934224e-05
1524 6.158833031499e-05
1527 5.612782988437e-05
1530 5.887266637449e-05
1533 4.973335185417e-05
1536 5.327762241447e-05
1539 5.701193022100e-05
1542 5.040988549828e-05
1545 5.308551838096e-05
1548 4.608545356012e-05
1551 4.708070095341e-05
1554 6.495745736297e-05
1557 5.556437558180e-05
1560 5.936600879795e-05
1563 6.326932186374e-05
1566 6.983141967686e-05
1569 7.490431502322e-05
1572 5.594124745032e-05
1575 4.337011470591e-05
1578 4.518272499254e-05
1581 5.787372319190e-05
1584 5.273566563187e-05
1587 5.366058206533e-05
1590 3.925057185041e-05
1593 4.430524453690e-05
1596 5.400345589864e-05
1599 3.942429186459e-05
1602 4.066078056537e-05
1605 4.340122675922e-05
1608 3.948125362406e-05
1611 4.894119533360e-05
1614 4.004212034961e-05
1617 4.566945868334e-05
1620 4.504983495638e-05
1623 4.739910424417e-05
1626 5.377189068161e-05
1629 4.194027943102e-05
1632 6.370120231816e-05
1635 4.009553042836e-05
1638 4.374562682784e-05
1641 5.243682803059e-05
1644 4.911299882147e-05
1647 5.397892637727e-05
1650 4.994612041603e-05
1653 5.891844452861e-05
1656 5.301894714113e-05
1659 5.612045717000e-05
1662 6.200095076963e-05
1665 5.806131321285e-05
1668 4.912036892119e-05
1671 5.449209116518e-05
1674 6.968396512334e-05
1677 6.580148527292e-05
1680 6.051600412220e-05
1683 6.679976983019e-05
1686 5.983744206409e-05
1689 6.258701909605e-05
1692 6.771191090558e-05
1695 6.482078084748e-05
1698 5.008247283790e-05
1701 4.532830325439e-05
1704 5.909644209520e-05
1707 4.047744763131e-05
1710 3.678801861263e-05
1713 3.849462902293e-05
1716 3.924999554739e-05
1719 4.492424365651e-05
1722 4.103273467516e-05
1725 3.608998516199e-05
1728 4.780894461527e-05
1731 4.695553531667e-05
1734 4.107074872670e-05
1737 5.300484444181e-05
1740 4.660545462651e-05
1743 4.348912874891e-05
1746 5.007112898900e-05
1749 4.124038494933e-05
1752 5.319020560810e-05
1755 4.350167866115e-05
1758 5.850534949749e-05
1761 6.100250768558e-05
1764 5.509764334658e-05
1767 4.296248066330e-05
1770 5.284101467333e-05
1773 4.592325988686e-05
1776 3.744395710470e-05
1779 2.992314124717e-05
1782 3.591515825615e-05
1785 3.879340393585e-05
1788 3.361675152452e-05
1791 3.470491279856e-05
1794 4.103270265856e-05
1797 3.463932589015e-05
1800 4.384990364913e-05
1803 4.109366688639e-05
1806 5.569631584880e-05
1809 4.801678621651e-05
1812 5.001399073389e-05
1815 4.485045106599e-05
1818 5.759375482099e-05
1821 5.462071713665e-05
1824 6.887519770161e-05
1827 5.535595116742e-05
1830 6.576583848513e-05
1833 5.150485905403e-05
1836 5.367645250609e-05
1839 4.259801420667e-05
1842 5.450753805976e-05
1845 4.207668320191e-05
1848 4.990343778081e-05
1851 4.719606986526e-05
1854 4.685083451359e-05
1857 4.715695805062e-05
1860 4.753448738162e-05
1863 5.375476349480e-05
1866 3.625813611886e-05
1869 4.486331027046e-05
1872 4.909859436226e-05
1875 3.279745128881e-05
1878 4.132772962313e-05
1881 3.634704449836e-05
1884 3.425274584023e-05
1887 3.453458721579e-05
1890 4.055041445242e-05
1893 3.403788535371e-05
1896 4.595353062390e-05
1899 5.429184817295e-05
1902 5.569597766041e-05
1905 4.148938850207e-05
1908 4.913382348169e-05
1911 6.157590394427e-05
1914 5.843956133828e-05
1917 5.750307044802e-05
1920 4.449706057548e-05
1923 4.620171579439e-05
1926 3.784221849404e-05
1929 3.504408994058e-05
1932 3.883803013049e-05
1935 4.167495764197e-05
1938 4.218127202234e-05
1941 3.678492155473e-05
1944 4.983029859733e-05
1947 3.766430446881e-05
1950 4.745806066517e-05
1953 3.840885733339e-05
1956 5.263819318714e-05
1959 4.498605993225e-05
1962 5.274603926374e-05
1965 5.361803574297e-05
1968 4.740855314220e-05
1971 4.644309987135e-05
1974 4.519956990848e-05
1977 6.556574414266e-05
1980 5.099196140381e-05
1983 4.642933111635e-05
1986 4.219359908497e-05
1989 4.355451703880e-05
1992 4.409904496526e-05
1995 4.264078570917e-05
1998 4.095179446093e-05
2001 4.365856950358e-05
2004 4.747930502201e-05
2007 4.642295672198e-05
2010 5.609514113516e-05
2013 4.807531875303e-05
2016 5.311647489448e-05
2019 5.973967343758e-05
2022 4.444074736226e-05
2025 5.940046840106e-05
2028 4.439942414496e-05
2031 6.198059342798e-05
2034 5.501545793166e-05
2037 5.079994601117e-05
2040 5.740044318786e-05
2043 3.681428731330e-05
2046 2.654324582067e-05
2049 3.663480470445e-05
2052 3.833703602389e-05
2055 3.787859974242e-05
2058 5.262687702738e-05
2061 4.867144221998e-05
2064 5.401447146340e-05
2067 4.264706971945e-05
2070 4.997055052795e-05
2073 5.829964113678e-05
2076 5.869682036262e-05
2079 6.282003029823e-05
2082 5.774815310948e-05
2085 6.141037562247e-05
2088 5.866559125275e-05
2091 7.390663926110e-05
2094 5.195361130500e-05
2097 3.578462122738e-05
2100 4.088777926306e-05
2103 6.302697376075e-05
2106 4.088526440449e-05
2109 4.183467075263e-05
2112 4.237450857045e-05
2115 4.807496299414e-05
2118 3.729542203628e-05
2121 4.134044716965e-05
2124 3.464745710288e-05
2127 4.268601456562e-05
2130 3.679688600029e-05
2133 5.042357591601e-05
2136 5.535395996588e-05
2139 4.223806118248e-05
2142 5.171225531082e-05
2145 4.855660613480e-05
2148 6.520836189005e-05
2151 6.084343651168e-05
2154 5.263285449243e-05
2157 6.409967042036e-05
2160 5.302986803901e-05
2163 4.806438798056e-05
2166 5.006392840677e-05
2169 2.843715869971e-05
2172 3.539273056271e-05
2175 3.417236496598e-05
2178 3.029113086049e-05
2181 3.028561934786e-05
2184 2.588951848220e-05
2187 2.846175025560e-05
2190 3.740893134991e-05
2193 3.214884628848e-05
2196 3.382410168888e-05
2199 3.491557130693e-05
2202 3.945889196377e-05
2205 3.814421991466e-05
2208 3.207121624251e-05
2211 4.677881882106e-05
2214 4.594076808338e-05
2217 3.845530244570e-05
2220 3.126486949648e-05
2223 3.809179871980e-05
2226 4.595493329775e-05
2229 3.338862687007e-05
2232 3.996271560106e-05
2235 3.349811056375e-05
2238 3.811709298125e-05
2241 3.673835590279e-05
2244 3.962424937098e-05
2247 3.626716823998e-05
2250 4.534148649474e-05
2253 3.189869096226e-05
2256 3.647058119333e-05
2259 4.344365589801e-05
2262 3.915111257411e-05
2265 4.098353522396e-05
2268 2.859336460002e-05
2271 2.544846696885e-05
2274 3.701730449337e-05
2277 3.884743182357e-05
2280 3.940395838776e-05
2283 5.173468090928e-05
2286 4.442629424208e-05
2289 4.420194271487e-05
2292 4.625909859019e-05
2295 4.040743602206e-05
2298 4.418107641606e-05
2301 3.034971798435e-05
2304 3.822153241123e-05
2307 3.809975734653e-05
2310 4.429437740636e-05
2313 3.972115551716e-05
2316 5.190988737908e-05
2319 4.279297963385e-05
2322 4.536443914015e-05
2325 5.744837657029e-05
2328 4.315372979768e-05
2331 4.715526991408e-05
2334 5.069113080573e-05
2337 4.238013079968e-05
2340 4.625090569472e-05
2343 4.530554247310e-05
2346 4.011494064839e-05
2349 4.385085168830e-05
2352 4.691894514386e-05
2355 3.240968834041e-05
2358 2.881961861955e-05
2361 3.014732369403e-05
2364 2.898479727094e-05
2367 3.394411062929e-05
2370 3.482005046701e-05
2373 4.870435612246e-05
2376 4.140045307105e-05
2379 4.403889400235e-05
2382 4.501197096852e-05
2385 4.660692312669e-05
2388 4.176232423046e-05
2391 3.847361471303e-05
2394 3.677873994153e-05
2397 3.503493694587e-05
2400 4.611836815722e-05
2403 3.663948636170e-05
2406 4.474741969280e-05
2409 3.991037743091e-05
2412 3.702155532103e-05
2415 3.858581108364e-05
2418 4.245760140135e-05
2421 3.064681038687e-05
2424 5.150005756231e-05
2427 3.670260874758e-05
2430 2.997003081551e-05
2433 2.889956782319e-05
2436 3.755528545166e-05
2439 3.243124327728e-05
2442 3.295609735231e-05
2445 4.440761368140e-05
2448 3.696019430210e-05
2451 4.299371047197e-05
2454 3.747455081373e-05
2457 5.907728014722e-05
2460 6.036579645915e-05
2463 4.851676298829e-05
2466 6.036504700170e-05
2469 4.460258101231e-05
2472 4.582880059364e-05
2475 4.650048016345e-05
2478 4.124806928752e-05
2481 4.170630337967e-05
2484 3.233819221196e-05
2487 4.469628515292e-05
2490 3.221618083801e-05
2493 2.920343816199e-05
2496 3.408052749202e-05
2499 4.055592128943e-05
2502 2.971408918586e-05
2505 4.248036931717e-05
2508 4.021475212246e-05
2511 3.503016255195e-05
2514 4.004311798187e-05
2517 3.447905116148e-05
2520 3.450654651231e-05
2523 3.316101014800e-05
2526 4.919740674352e-05
2529 4.289395269578e-05
2532 6.186726588348e-05
2535 6.332925031460e-05
2538 5.515634122873e-05
2541 5.286689225926e-05
2544 5.535918580981e-05
2547 4.664760711700e-05
2550 5.506336622391e-05
2553 4.220164115754e-05
2556 4.735202551897e-05
2559 5.271402353016e-05
2562 3.699507043345e-05
2565 3.054508154288e-05
2568 3.217221273191e-05
2571 2.859786457331e-05
2574 3.466822379665e-05
2577 3.025652793383e-05
2580 3.407877682268e-05
2583 2.741119682797e-05
2586 3.754450805574e-05
2589 3.511257850267e-05
2592 3.756531137506e-05
2595 3.434188649995e-05
2598 4.579210580510e-05
2601 3.491007870037e-05
2604 4.704335252519e-05
2607 4.745556407415e-05
2610 5.202977074432e-05
2613 4.101181677657e-05
2616 3.291261814400e-05
2619 3.636469928464e-05
2622 3.686240789184e-05
2625 5.081494112781e-05
2628 4.054839811824e-05
2631 3.417461582351e-05
2634 2.528534633666e-05
2637 4.182719549257e-05
2640 3.763113871321e-05
2643 3.145688984363e-05
2646 3.832997081708e-05
2649 2.425715742719e-05
2652 3.412431462702e-05
2655 2.876009556589e-05
2658 2.805476205097e-05
2661 2.735294801139e-05
2664 3.344365362421e-05
2667 2.965244279406e-05
2670 3.817960638067e-05
2673 4.056680341425e-05
2676 4.540128976877e-05
2679 3.864801204071e-05
2682 3.912444843087e-05
2685 3.756060822177e-05
2688 3.615814168818e-05
2691 2.812840925753e-05
2694 4.207555061349e-05
2697 3.105266158131e-05
2700 3.059036634935e-05
2703 2.672310522094e-05
2706 3.016914089333e-05
2709 3.240994944486e-05
2712 2.615323954462e-05
2715 2.900562469660e-05
2718 2.457434287315e-05
2721 3.182265515640e-05
2724 4.119336236824e-05
2727 3.391823410250e-05
2730 4.158037231799e-05
2733 3.587410780702e-05
2736 4.590072787500e-05
2739 4.926546459106e-05
2742 4.546139954512e-05
2745 4.387606590845e-05
2748 5.773920695594e-05
2751 4.642131167484e-05
2754 5.080792449950e-05
2757 4.861700718677e-05
2760 6.371594972047e-05
2763 3.880448835227e-05
2766 3.320097946057e-05
2769 3.208042492163e-05
2772 3.769445167350e-05
2775 2.958604096783e-05
2778 4.127231510712e-05
2781 2.582799588036e-05
2784 3.524268935046e-05
2787 3.142090812464e-05
2790 3.100742329365e-05
2793 3.333167711455e-05
2796 3.022916438454e-05
2799 4.499527746497e-05
2802 3.636456788927e-05
2805 3.567804193914e-05
2808 2.969544061227e-05
2811 3.878344493542e-05
2814 2.779340643882e-05
2817 3.293060315348e-05
2820 4.016417790484e-05
2823 3.308228042321e-05
2826 3.408401728750e-05
2829 3.431092973392e-05
2832 4.008873660462e-05
2835 3.300423536758e-05
2838 4.676093291282e-05
2841 3.360373979686e-05
2844 3.496069769026e-05
2847 3.450813369325e-05
2850 2.909101901600e-05
2853 3.228765452259e-05
2856 2.407458076819e-05
2859 2.314089495483e-05
2862 2.640134522433e-05
2865 3.050540658276e-05
2868 2.542477973360e-05
2871 2.820964366224e-05
2874 3.512790576277e-05
2877 2.437560582009e-05
2880 4.170358937462e-05
2883 3.530317454700e-05
2886 4.691446137039e-05
2889 4.115722409246e-05
2892 4.695740761854e-05
2895 3.918772511385e-05
2898 5.977891745027e-05
2901 4.386257632531e-05
2904 3.184673981379e-05
2907 3.902772836370e-05
2910 3.158154875616e-05
2913 2.664904922885e-05
2916 3.201686668614e-05
2919 3.210894061773e-05
2922 2.650138398752e-05
2925 2.550920296499e-05
2928 2.931102512769e-05
2931 2.256507847641e-05
2934 3.194130826740e-05
2937 3.741896610320e-05
2940 2.779503910929e-05
2943 3.313677058643e-05
2946 3.263424579469e-05
2949 2.480708300379e-05
2952 3.412755462131e-05
2955 3.357153833935e-05
2958 4.081094884149e-05
2961 3.294105163044e-05
2964 4.298286292704e-05
2967 3.945647383534e-05
2970 5.135630507955e-05
2973 3.343509212200e-05
2976 2.785395570601e-05
2979 2.237259772245e-05
2982 3.209498937151e-05
2985 2.665047686249e-05
2988 2.827771896313e-05
2991 2.126318135516e-05
2994 2.479269208080e-05
2997 2.582873426856e-05
3000 2.593965110517e-05
3003 2.545971017221e-05
3006 3.402607175252e-05
3009 3.142639404451e-05
3012 2.596680861424e-05
3015 2.232833094008e-05
3018 2.825869638905e-05
3021 3.069910908390e-05
3024 3.127679500681e-05
3027 3.385674501829e-05
3030 4.034061687746e-05
3033 3.258067549635e-05
3036 4.482066890780e-05
3039 4.673663017004e-05
3042 3.262218397168e-05
3045 3.031076528217e-05
3048 3.923926606709e-05
3051 3.020461088701e-05
3054 3.544831993550e-05
3057 4.155069065023e-05
3060 2.617375935692e-05
3063 2.277672655594e-05
3066 2.027804953433e-05
3069 1.517186542494e-05
3072 1.763996719016e-05
3075 1.683917731340e-05
3078 1.496692043668e-05
3081 1.738590294001e-05
3084 1.851117589321e-05
3087 2.122926347940e-05
3090 2.867923833964e-05
3093 2.777464797386e-05
3096 2.833450669271e-05
3099 2.857095412522e-05
3102 2.700031174127e-05
3105 2.817984734485e-05
3108 3.313694709699e-05
3111 2.610016282775e-05
3114 2.650608719166e-05
3117 2.267065215061e-05
3120 2.212811538342e-05
3123 2.112084274239e-05
3126 1.922532844025e-05
3129 2.365833819895e-05
3132 1.825521755966e-05
3135 2.656550825338e-05
3138 2.583234342833e-05
3141 3.176871401337e-05
3144 2.653415641184e-05
3147 2.081170288324e-05
3150 1.831581453720e-05
3153 2.152014692051e-05
3156 2.819744108893e-05
3159 2.517586348604e-05
3162 2.382504959573e-05
3165 2.899348779891e-05
3168 3.069855125209e-05
3171 3.184877581353e-05
3174 3.307512104150e-05
3177 3.396543869555e-05
3180 2.755699784273e-05
3183 2.713451262169e-05
3186 3.087743986504e-05
3189 3.150121511889e-05
3192 3.583514383942e-05
3195 2.759019889317e-05
3198 3.236250618319e-05
3201 2.239355988553e-05
3204 2.291023548242e-05
3207 1.922985581315e-05
3210 1.859622920010e-05
3213 2.685834790435e-05
3216 2.381045355361e-05
3219 2.039650819857e-05
3222 2.219790391608e-05
3225 1.835645888000e-05
3228 1.759247424070e-05
3231 1.846189953228e-05
3234 2.466584488313e-05
3237 1.825989565319e-05
3240 1.889444982180e-05
3243 2.353192526909e-05
3246 1.965894338825e-05
3249 2.483658299092e-05
3252 2.712182195985e-05
3255 2.525676119722e-05
3258 2.818366638675e-05
3261 2.655052933337e-05
3264 2.559529493975e-05
3267 2.580242986105e-05
3270 2.721448842309e-05
3273 2.716761773434e-05
3276 2.392231697669e-05
3279 2.817266584422e-05
3282 2.056150744145e-05
3285 1.979696468864e-05
3288 1.969291447807e-05
3291 1.721520246992e-05
3294 2.437409520256e-05
3297 1.518776641105e-05
3300 1.703750133826e-05
3303 2.010653676276e-05
3306 2.203843427190e-05
3309 2.496948787565e-05
3312 3.056039509567e-05
3315 2.477060370774e-05
3318 2.608117471792e-05
3321 2.286065873425e-05
3324 2.832392442685e-05
3327 2.642276415162e-05
3330 2.372821389717e-05
3333 2.520641904990e-05
3336 1.988850498600e-05
3339 2.005768647206e-05
3342 2.220101438736e-05
3345 2.259844216621e-05
3348 1.838298141180e-05
3351 2.017989933325e-05
3354 1.651601322345e-05
3357 1.535453635362e-05
3360 1.461208325739e-05
3363 2.132840043205e-05
3366 2.358170866870e-05
3369 2.408132854819e-05
3372 2.458297946399e-05
3375 2.380409321478e-05
3378 2.312699355247e-05
3381 2.918105461140e-05
3384 2.634809043330e-05
3387 2.317555426468e-05
3390 2.634160663924e-05
3393 2.481795483188e-05
3396 2.588862013781e-05
3399 2.415905009632e-05
3402 2.665384353824e-05
3405 3.029545689833e-05
3408 2.045200320727e-05
3411 2.467324688181e-05
3414 1.964338163548e-05
3417 1.897029526062e-05
3420 2.008507145232e-05
3423 1.998151167365e-05
3426 1.844131439186e-05
3429 1.744145206715e-05
3432 1.920143955628e-05
3435 2.271657106339e-05
3438 2.159123708507e-05
3441 2.405099353420e-05
3444 2.314866646255e-05
3447 2.381092427778e-05
3450 3.238744433501e-05
3453 2.596875875618e-05
3456 2.451059520664e-05
3459 2.152656208591e-05
3462 2.260256986031e-05
3465 1.533240976621e-05
3468 1.927633539946e-05
3471 1.498081910762e-05
3474 2.028498537441e-05
3477 1.260363708249e-05
3480 1.764706708605e-05
3483 1.636937074979e-05
3486 1.834068247716e-05
3489 1.600086285815e-05
3492 2.103985090129e-05
3495 1.410836799682e-05
3498 2.226185097351e-05
3501 1.825567572656e-05
3504 2.483466610602e-05
3507 2.467262141115e-05
3510 2.070237505142e-05
3513 3.283146142694e-05
3516 2.393733722933e-05
3519 2.550355845647e-05
3522 2.555704939838e-05
3525 1.610179132333e-05
3528 1.872653785887e-05
3531 1.688358096504e-05
3534 1.583582749164e-05
3537 1.750340662273e-05
3540 2.050322974231e-05
3543 1.924415977394e-05
3546 1.802321389586e-05
3549 1.681346878357e-05
3552 1.445188702789e-05
3555 1.771410066173e-05
3558 1.181441721426e-05
3561 1.725417150860e-05
3564 1.384970650857e-05
3567 1.485110291560e-05
3570 1.557679278672e-05
3573 2.546623218043e-05
3576 2.200711794650e-05
3579 2.261178484194e-05
3582 2.053212047591e-05
3585 2.182055361007e-05
3588 1.970100538205e-05
3591 2.382205251959e-05
3594 2.130817942229e-05
3597 2.023319760065e-05
3600 2.479661067815e-05
3603 1.983012763579e-05
3606 2.639719744826e-05
3609 1.905193511264e-05
3612 2.347698917373e-05
3615 2.070470651454e-05
3618 2.363255882741e-05
3621 1.617370561822e-05
3624 1.723473847868e-05
3627 1.858995188610e-05
3630 1.704573809165e-05
3633 1.886212857053e-05
3636 1.660250834957e-05
3639 2.056978506768e-05
3642 1.603818864196e-05
3645 2.122375898466e-05
3648 2.104245795487e-05
3651 2.843430986211e-05
3654 2.403684638929e-05
3657 2.670089585278e-05
3660 2.377829645675e-05
3663 3.026454822329e-05
3666 3.010688330491e-05
3669 3.770663927608e-05
3672 2.463322920389e-05
3675 3.450282886734e-05
3678 2.436291540301e-05
3681 3.315465341699e-05
3684 2.339957276048e-05
3687 2.254260383139e-05
3690 2.939309444667e-05
3693 2.102682303032e-05
3696 1.852383195753e-05
3699 2.240515890468e-05
3702 1.550197062451e-05
3705 1.887719836384e-05
3708 1.862279537627e-05
3711 1.883568381297e-05
3714 1.796457190400e-05
3717 1.678852627595e-05
3720 1.813415351845e-05
3723 2.508422835735e-05
3726 1.648022250535e-05
3729 2.129318198930e-05
3732 2.337792138433e-05
3735 2.937964611672e-05
3738 2.966462233715e-05
3741 2.776929809797e-05
3744 3.222927973312e-05
3747 2.104252219225e-05
3750 3.222265576407e-05
3753 2.222173225504e-05
3756 1.865285438135e-05
3759 1.743937810651e-05
3762 1.716012667378e-05
3765 1.801197599812e-05
3768 2.000753370797e-05
3771 1.835868113792e-05
3774 1.728706888455e-05
3777 1.777569353660e-05
3780 2.080656330829e-05
3783 2.122702687524e-05
3786 2.899592767003e-05
3789 2.470115034475e-05
3792 2.235520132178e-05
3795 2.146133061489e-05
3798 2.261693735206e-05
3801 2.049081152631e-05
3804 2.372507799522e-05
3807 2.864615224886e-05
3810 2.220958709659e-05
3813 3.619010656088e-05
3816 2.257161224720e-05
3819 2.292434363724e-05
3822 2.265360175002e-05
3825 2.323768128406e-05
3828 2.639000134765e-05
3831 2.527178874570e-05
3834 2.558476573211e-05
3837 2.558713910228e-05
3840 2.332130481207e-05
3843 2.137889118465e-05
3846 1.686869615694e-05
3849 2.113335413138e-05
3852 1.934586856297e-05
3855 1.669052754058e-05
3858 1.943413921071e-05
3861 2.555014008778e-05
3864 1.714829248742e-05
3867 2.207867349196e-05
3870 2.115974772937e-05
3873 1.903291663858e-05
3876 2.489754001136e-05
3879 2.136508450498e-05
3882 2.548025649831e-05
3885 2.163562277729e-05
3888 2.221675524204e-05
3891 3.220362334008e-05
3894 2.131077106480e-05
3897 2.314263093894e-05
3900 2.846953145931e-05
3903 2.370907075495e-05
3906 2.880830863846e-05
3909 2.120459310051e-05
3912 2.326121873507e-05
3915 1.946904699837e-05
3918 2.189311791649e-05
3921 2.330833057802e-05
3924 2.707003585030e-05
3927 2.165905882361e-05
3930 2.161291914153e-05
3933 2.312038421088e-05
3936 1.813760548503e-05
3939 1.622157098822e-05
3942 1.689862447930e-05
3945 1.599425570716e-05
3948 1.901540715901e-05
3951 2.080476316294e-05
3954 2.257396134783e-05
3957 1.874483941781e-05
3960 2.113992852013e-05
3963 1.892845154058e-05
3966 1.590536407743e-05
3969 1.207152741710e-05
3972 1.505794110874e-05
3975 1.246280714321e-05
3978 1.759563099954e-05
3981 1.299117569444e-05
3984 1.274403276606e-05
3987 1.788251403882e-05
3990 1.476166295080e-05
3993 1.967378381587e-05
3996 1.933572668403e-05
3999 2.020128950251e-05
4002 2.307841450268e-05
4005 2.298460930700e-05
4008 2.056459371854e-05
4011 1.980810710754e-05
4014 1.755956741611e-05
4017 1.920163796891e-05
4020 2.475022526191e-05
4023 1.818095461091e-05
4026 1.939768699260e-05
4029 1.449963782189e-05
4032 1.919609712254e-05
4035 1.485819500853e-05
4038 1.320852112790e-05
4041 1.183334682669e-05
4044 9.690236804421e-06
4047 1.185493281190e-05
4050 1.571825129664e-05
4053 1.329136121763e-05
4056 1.321588319628e-05
4059 1.672532179483e-05
4062 1.076744313036e-05
4065 1.667393049231e-05
4068 2.311561723931e-05
4071 1.608721868666e-05
4074 1.455328936967e-05
4077 1.597639550575e-05
4080 1.966442556629e-05
4083 1.936646403932e-05
4086 2.324878814654e-05
4089 1.796569693662e-05
4092 1.799587664848e-05
4095 1.731658815064e-05
4098 1.562370568255e-05
4101 1.544337712895e-05
4104 1.436068057372e-05
4107 1.120514374582e-05
4110 1.060565681326e-05
4113 1.311649236039e-05
4116 1.171643911353e-05
4119 1.610318354310e-05
4122 1.520542896895e-05
4125 1.975783143703e-05
4128 1.313281366523e-05
4131 1.700725817990e-05
4134 1.857358373592e-05
4137 2.054460886940e-05
4140 2.463622587213e-05
4143 2.048925114753e-05
4146 2.279669468313e-05
4149 2.189354319798e-05
4152 1.756065260237e-05
4155 1.704594502615e-05
4158 1.813480386361e-05
4161 1.603855050020e-05
4164 1.653025844894e-05
4167 1.358751546640e-05
4170 1.500386371935e-05
4173 1.886585034604e-05
4176 1.223909357202e-05
4179 1.665133438816e-05
4182 1.171455998069e-05
4185 1.525963800313e-05
4188 1.275317499366e-05
4191 1.492156972375e-05
4194 1.544117475725e-05
4197 1.287970602049e-05
4200 1.410580140855e-05
4203 1.920092293313e-05
4206 1.523869185947e-05
4209 1.655484436700e-05
4212 1.783311393221e-05
4215 1.412547827741e-05
4218 1.762384764476e-05
4221 2.059451153375e-05
4224 1.843609529653e-05
4227 1.442531761703e-05
4230 1.436823629656e-05
4233 1.334540726604e-05
4236 1.561586083620e-05
4239 1.378616326868e-05
4242 1.302586357490e-05
4245 1.365020180033e-05
4248 1.567654184401e-05
4251 1.340979055179e-05
4254 1.450840563282e-05
4257 1.439226156364e-05
4260 1.061179234669e-05
4263 1.273918450828e-05
4266 1.163199850972e-05
4269 1.188356504407e-05
4272 1.003118069993e-05
4275 1.480269041424e-05
4278 1.280329279298e-05
4281 1.502031768090e-05
4284 1.532392352574e-05
4287 1.453803370651e-05
4290 1.807410814902e-05
4293 1.749130884296e-05
4296 2.206050630675e-05
4299 1.470156879494e-05
4302 1.453958709709e-05
4305 1.615791411599e-05
4308 1.601328021182e-05
4311 1.376008640326e-05
4314 1.293822978141e-05
4317 1.324589881545e-05
4320 1.104664395020e-05
4323 1.200645433228e-05
4326 1.025656281321e-05
4329 1.335323413260e-05
4332 1.132218957073e-05
4335 1.246860401110e-05
4338 1.354665561817e-05
4341 1.554720711088e-05
4344 1.402722587387e-05
4347 1.500073321011e-05
4350 1.550897270852e-05
4353 1.603035923761e-05
4356 1.117811221754e-05
4359 1.522018256686e-05
4362 1.257381480273e-05
4365 1.603251884067e-05
4368 1.318451030135e-05
4371 1.590273451046e-05
4374 1.523202583192e-05
4377 1.486018049896e-05
4380 1.357618260281e-05
4383 1.543789800205e-05
4386 1.800202798538e-05
4389 1.094524850602e-05
4392 1.295952949079e-05
4395 9.704102939304e-06
4398 1.082421590788e-05
4401 1.019991894127e-05
4404 1.046517921754e-05
4407 1.130659457626e-05
4410 1.039769370417e-05
4413 1.177893035046e-05
4416 1.415532941169e-05
4419 9.659885258120e-06
4422 1.199261688171e-05
4425 1.067356874393e-05
4428 1.011365247525e-05
4431 1.548246586329e-05
4434 1.291083444701e-05
4437 8.904880541240e-06
4440 9.657060470125e-06
4443 8.284676160463e-06
4446 1.343299039961e-05
4449 1.017304216096e-05
4452 1.399730878112e-05
4455 1.345050228752e-05
4458 1.409206174404e-05
4461 1.307126322175e-05
4464 1.407941879963e-05
4467 1.120310463783e-05
4470 1.100171705037e-05
4473 1.343470697917e-05
4476 1.323901572329e-05
4479 1.343165958644e-05
4482 1.061702376734e-05
4485 1.322944582929e-05
4488 1.110024740202e-05
4491 1.151131082062e-05
4494 9.980134562144e-06
4497 1.130456616532e-05
4500 1.379474242853e-05
4503 9.347041306286e-06
4506 9.903625083350e-06
4509 1.130822492066e-05
4512 1.471016080450e-05
4515 1.231843457025e-05
4518 1.204447447669e-05
4521 1.881357125385e-05
4524 1.402814843029e-05
4527 1.329400039332e-05
4530 1.086509883255e-05
4533 1.046825724723e-05
4536 1.001201116127e-05
4539 8.665592870875e-06
4542 1.284839377065e-05
4545 1.106709038805e-05
4548 1.191856588484e-05
4551 9.134420260164e-06
4554 1.093521204515e-05
4557 1.013746188899e-05
4560 1.501738911013e-05
4563 1.153012645475e-05
4566 1.388062822356e-05
4569 1.167441598725e-05
4572 9.523322145436e-06
4575 1.081411303730e-05
4578 1.403321046144e-05
4581 1.394619904101e-05
4584 1.420870028860e-05
4587 1.327836600727e-05
4590 1.501426045618e-05
4593 1.322114810942e-05
4596 1.658415595074e-05
4599 9.924724780850e-06
4602 1.222331080688e-05
4605 1.123904621793e-05
4608 1.142794847200e-05
4611 1.083770593657e-05
4614 1.101138191063e-05
4617 1.402581938687e-05
4620 1.317658959667e-05
4623 1.271568492653e-05
4626 1.757571455255e-05
4629 1.587028689625e-05
4632 1.517946455341e-05
4635 1.422630141836e-05
4638 1.487186639815e-05
4641 1.051103499835e-05
4644 1.211870125269e-05
4647 9.349440396766e-06
4650 1.159280665409e-05
4653 1.277104697495e-05
4656 1.259104071789e-05
4659 1.592691574203e-05
4662 1.588602099716e-05
4665 1.212153748088e-05
4668 1.282122992256e-05
4671 1.019549449186e-05
4674 1.063069957467e-05
4677 9.626807532037e-06
4680 1.221362193870e-05
4683 1.089893850603e-05
4686 1.107163005822e-05
4689 1.175361553861e-05
4692 1.396032969672e-05
4695 1.644209022494e-05
4698 1.432578942427e-05
4701 1.421498182244e-05
4704 1.225195347296e-05
4707 1.505783182173e-05
4710 1.194253533311e-05
4713 1.384872342723e-05
4716 1.179600525569e-05
4719 1.145536020147e-05
4722 1.133578081029e-05
4725 1.376519053363e-05
4728 1.113762096603e-05
4731 8.364141377413e-06
4734 1.108085828050e-05
4737 1.015872467317e-05
4740 1.080043315012e-05
4743 1.157452422809e-05
4746 1.038524454418e-05
4749 1.070930662880e-05
4752 1.282719432330e-05
4755 1.504128786628e-05
4758 1.500732202413e-05
4761 1.583865807768e-05
4764 1.621909646944e-05
4767 1.435186201767e-05
4770 1.412114631453e-05
4773 1.371612994513e-05
4776 1.446769333711e-05
4779 1.159581128092e-05
4782 1.181910558422e-05
4785 1.187614151638e-05
4788 1.513864512418e-05
4791 1.098931008084e-05
4794 1.211670248824e-05
4797 8.619688980799e-06
4800 9.768769458461e-06
4803 8.919890881052e-06
4806 9.494568635259e-06
4809 1.057921254809e-05
4812 1.219799169402e-05
4815 1.391192674991e-05
4818 1.444739786127e-05
4821 1.696717222311e-05
4824 1.519088375570e-05
4827 1.512379066366e-05
4830 1.398358363198e-05
4833 1.341277221117e-05
4836 1.213495247553e-05
4839 1.423102568200e-05
4842 1.138876964979e-05
4845 1.704837306203e-05
4848 1.176234585653e-05
4851 1.342484285125e-05
4854 9.807495946863e-06
4857 8.836044974590e-06
4860 8.164655301152e-06
4863 7.143100779932e-06
4866 7.801487726352e-06
4869 7.471948509516e-06
4872 8.374068280860e-06
4875 1.092422978290e-05
4878 1.073219713574e-05
4881 1.882496687593e-05
4884 1.383616381000e-05
4887 1.098775602554e-05
4890 1.354272632815e-05
4893 1.247872184935e-05
4896 1.379603201203e-05
4899 1.467396274222e-05
4902 1.139240666025e-05
4905 1.060821369237e-05
4908 1.499192992070e-05
4911 1.173451771195e-05
4914 1.101238364093e-05
4917 1.173819621472e-05
4920 1.174040580210e-05
4923 1.137157624920e-05
4926 1.056291667397e-05
4929 8.537500789630e-06
4932 1.096411976739e-05
4935 1.024376250252e-05
4938 8.864544110534e-06
4941 9.781815977518e-06
4944 7.724693555597e-06
4947 7.582701227102e-06
4950 9.473380540223e-06
4953 1.004887907190e-05
4956 1.010996172636e-05
4959 1.072562006356e-05
4962 1.069274501643e-05
4965 1.352959084365e-05
4968 1.195785085719e-05
4971 1.010587026876e-05
4974 9.808549605130e-06
4977 1.030331108580e-05
4980 1.117455449294e-05
4983 1.222321151817e-05
4986 8.375760488913e-06
4989 1.108213048292e-05
4992 9.169445802724e-06
4995 7.729843429449e-06
4998 8.388696082988e-06
5001 1.438374813503e-05
5004 1.068869971033e-05
5007 1.128669138054e-05
5010 1.252525346182e-05
5013 1.310086506629e-05
5016 1.127719634909e-05
5019 1.331259963379e-05
5022 9.378499662789e-06
5025 1.156443076651e-05
5028 7.681288371836e-06
5031 1.053713703396e-05
5034 8.152980479942e-06
5037 8.324522665935e-06
5040 9.476707602831e-06
5043 8.396845721711e-06
5046 1.004183891747e-05
5049 1.182966119203e-05
5052 1.335362896620e-05
5055 1.284780859495e-05
5058 1.190639422450e-05
5061 1.187670171911e-05
5064 1.071127627643e-05
5067 1.282248715369e-05
5070 1.326901221672e-05
5073 1.236287627315e-05
5076 1.476745397483e-05
5079 1.228843693674e-05
5082 1.202657102334e-05
5085 1.090151833753e-05
5088 8.898340982591e-06
5091 1.104307044936e-05
5094 1.104474444490e-05
5097 7.794983340990e-06
5100 1.236697734885e-05
5103 9.865154440624e-06
5106 9.701724212596e-06
5109 1.081780270819e-05
5112 1.152571499467e-05
5115 1.350506594471e-05
5118 9.324105076385e-06
5121 9.287051803416e-06
5124 8.034330808529e-06
5127 1.317119618244e-05
5130 1.054844430106e-05
5133 1.192755485782e-05
5136 1.034006226030e-05
5139 1.345279914733e-05
5142 1.335073360602e-05
5145 1.227091975510e-05
5148 1.201538321334e-05
5151 1.044013556040e-05
5154 1.156495444827e-05
5157 9.711738031061e-06
5160 1.625583705292e-05
5163 1.097123744454e-05
5166 1.172011712858e-05
5169 1.364057170426e-05
5172 9.612318829721e-06
5175 9.143364117862e-06
5178 1.298628985019e-05
5181 1.205501861597e-05
5184 1.198427874710e-05
5187 9.337755906994e-06
5190 9.887991491403e-06
5193 9.078438767499e-06
5196 9.223998583843e-06
5199 1.041846234520e-05
5202 1.136550725378e-05
5205 1.206995779024e-05
5208 1.350215853450e-05
5211 1.574837894811e-05
5214 1.228243433552e-05
5217 1.121307056061e-05
5220 1.262490588504e-05
5223 1.240961237025e-05
5226 1.259118175813e-05
5229 1.019759555267e-05
5232 1.179458578017e-05
5235 1.476609306638e-05
5238 1.005172949623e-05
5241 9.537635783296e-06
5244 9.573040704945e-06
5247 8.283269112817e-06
5250 8.590721282818e-06
5253 7.479602993561e-06
5256 7.727121143240e-06
5259 9.913258927186e-06
5262 1.035276921367e-05
5265 8.612649611248e-06
5268 8.859609567606e-06
5271 1.170604880427e-05
5274 1.706129784273e-05
5277 1.847135901434e-05
5280 1.283383781275e-05
5283 1.345876304981e-05
5286 1.758023354908e-05
5289 1.181138352808e-05
5292 1.374725534154e-05
5295 1.195758800151e-05
5298 9.577288967285e-06
5301 8.980621726425e-06
5304 9.290528378246e-06
5307 1.140722455401e-05
5310 9.730399889471e-06
5313 6.993837878763e-06
5316 8.454745961872e-06
5319 9.539931807457e-06
5322 1.062310096000e-05
5325 9.845807236178e-06
5328 9.571215386739e-06
5331 7.205790244408e-06
5334 1.151971726699e-05
5337 9.480562236145e-06
5340 1.226176427668e-05
5343 1.126667323905e-05
5346 1.130874564225e-05
5349 1.390950240021e-05
5352 1.101680192992e-05
5355 1.064015625308e-05
5358 1.132752075446e-05
5361 1.181592441851e-05
5364 7.746758471894e-06
5367 9.186709703429e-06
5370 9.355906517810e-06
5373 1.201899827076e-05
5376 7.147155411552e-06
5379 7.102060095079e-06
5382 6.330243761540e-06
5385 5.334428580936e-06
5388 7.184387377814e-06
5391 9.569941091844e-06
5394 9.422568864295e-06
5397 1.279935090092e-05
5400 1.169892127601e-05
5403 1.011478480664e-05
5406 1.419079649899e-05
5409 1.138529616129e-05
5412 1.129658146473e-05
5415 8.385789065413e-06
5418 1.108922817553e-05
5421 8.069677335508e-06
5424 8.936751328713e-06
5427 9.322134432483e-06
5430 1.116522468612e-05
5433 8.591624111362e-06
5436 5.973424075035e-06
5439 7.105409188208e-06
5442 6.487394782678e-06
5445 7.843765168342e-06
5448 7.939187276121e-06
5451 7.220755892864e-06
5454 6.130254113107e-06
5457 6.476591745647e-06
5460 9.441080494083e-06
5463 8.368620978190e-06
5466 7.925764168852e-06
5469 7.938982201376e-06
5472 1.030408004486e-05
5475 1.055537682631e-05
5478 8.559010133198e-06
5481 1.493090845820e-05
5484 1.099900239157e-05
5487 9.875103061679e-06
5490 1.336411375846e-05
5493 8.604141589744e-06
5496 8.945027070511e-06
5499 7.914045248741e-06
5502 8.962046920026e-06
5505 6.269652450447e-06
5508 6.163986790938e-06
5511 6.766150267148e-06
5514 7.846951767238e-06
5517 5.462429845717e-06
5520 7.232282544107e-06
5523 5.956774732108e-06
5526 6.992530891691e-06
5529 6.592717152532e-06
5532 9.295751114196e-06
5535 9.562556157433e-06
5538 8.348274704547e-06
5541 9.482899703720e-06
5544 8.462576700105e-06
5547 7.631159326589e-06
5550 7.768872283700e-06
5553 9.337473800825e-06
5556 8.684738444509e-06
5559 9.406870248703e-06
5562 9.708361105343e-06
5565 7.294268379749e-06
5568 1.340874166926e-05
5571 1.035655654329e-05
5574 6.937996585258e-06
5577 7.965164593345e-06
5580 7.391011942124e-06
5583 7.125086638011e-06
5586 5.542300979730e-06
5589 8.005469391867e-06
5592 7.029410779230e-06
5595 6.869974029475e-06
5598 6.438505967714e-06
5601 7.848829721499e-06
5604 9.248297946478e-06
5607 9.383673187412e-06
5610 6.606158174423e-06
5613 8.188845617054e-06
5616 7.475075772847e-06
5619 9.089459708377e-06
5622 8.760748543835e-06
5625 9.381347797319e-06
5628 8.854033181104e-06
5631 1.355679281552e-05
5634 8.922472674578e-06
5637 9.744446697972e-06
5640 1.203069404955e-05
5643 9.649338332957e-06
5646 7.803386003618e-06
5649 8.633705216548e-06
5652 9.709452556451e-06
5655 7.430976351230e-06
5658 6.779044929445e-06
5661 6.504016437865e-06
5664 6.206591381080e-06
5667 6.713544611266e-06
5670 6.975148961523e-06
5673 7.235968487159e-06
5676 6.459201892097e-06
5679 8.405227119514e-06
5682 7.558659734897e-06
5685 1.015372634518e-05
5688 8.376880632072e-06
5691 8.146269898870e-06
5694 8.979626797949e-06
5697 8.545168353024e-06
5700 8.588719161953e-06
5703 9.385715868437e-06
5706 1.143549434404e-05
5709 8.198678526756e-06
5712 8.594961074047e-06
5715 1.052633616559e-05
5718 1.028568273654e-05
5721 1.148602321875e-05
5724 1.006793751012e-05
5727 8.545951911874e-06
5730 7.916191745231e-06
5733 7.213471539276e-06
5736 5.736137869746e-06
5739 5.489376607880e-06
5742 5.561445525468e-06
5745 6.356829596432e-06
5748 4.766502901472e-06
5751 6.989201516408e-06
5754 5.725956703505e-06
5757 6.481436843100e-06
5760 7.992025620372e-06
5763 8.651086805157e-06
5766 6.984218742408e-06
5769 8.854703936943e-06
5772 1.320396814750e-05
5775 1.115109055813e-05
5778 1.319486199038e-05
5781 1.148065314413e-05
5784 9.501190017913e-06
5787 1.138317801979e-05
5790 1.251687515567e-05
5793 9.402797040021e-06
5796 9.083067929180e-06
5799 8.253748774820e-06
5802 8.752941918374e-06
5805 5.774389028966e-06
5808 7.314362799253e-06
5811 7.277365937366e-06
5814 7.519966857918e-06
5817 6.722199938464e-06
5820 6.795887973087e-06
5823 8.328383527840e-06
5826 6.529291064108e-06
5829 8.669367661394e-06
5832 5.421583687096e-06
5835 5.037383139416e-06
5838 6.858894243490e-06
5841 7.166630409452e-06
5844 1.017068780579e-05
5847 1.169748984173e-05
5850 9.751657130693e-06
5853 1.201751415628e-05
5856 1.055540860017e-05
5859 1.002248924490e-05
5862 9.947448198695e-06
5865 8.137545817384e-06
5868 5.903769342312e-06
5871 5.175731832463e-06
5874 6.286781073725e-06
5877 5.153772693398e-06
5880 5.336437287043e-06
5883 5.578433151358e-06
5886 6.235309969354e-06
5889 5.322060639671e-06
5892 6.275638813931e-06
5895 5.905648303393e-06
5898 7.102637492045e-06
5901 9.404800267725e-06
5904 7.776253752360e-06
5907 6.444633101099e-06
5910 1.110278035528e-05
5913 7.521198127127e-06
5916 1.193628603653e-05
5919 6.737838502655e-06
5922 1.009146441910e-05
5925 7.290179252616e-06
5928 8.433472421640e-06
5931 7.519122791602e-06
5934 6.994278366182e-06
5937 6.378674941904e-06
5940 6.699525938673e-06
5943 6.079634113802e-06
5946 5.453781626132e-06
5949 6.748662598156e-06
5952 7.639731940416e-06
5955 7.253150432531e-06
5958 7.285885607287e-06
5961 1.044547261998e-05
5964 7.094150017009e-06
5967 7.953363202047e-06
5970 9.408041650265e-06
5973 8.851748712941e-06
5976 9.611006401872e-06
5979 7.958342346859e-06
5982 1.250492667816e-05
5985 9.664333795939e-06
5988 8.536478533996e-06
5991 1.040849675077e-05
5994 9.370949867550e-06
5997 9.145561775296e-06
6000 8.263170850469e-06
6003 8.402983903482e-06
6006 4.844376690882e-06
6009 6.027138874943e-06
6012 6.707586937228e-06
6015 6.833927059552e-06
6018 1.017722563260e-05
6021 7.596864243977e-06
6024 8.876466387164e-06
6027 6.705545489046e-06
6030 7.588765959701e-06
6033 6.457442609284e-06
6036 7.258106516206e-06
6039 7.647553756105e-06
6042 7.669095837191e-06
6045 9.525524964425e-06
6048 7.451882467601e-06
6051 9.974531218826e-06
6054 8.874321492175e-06
6057 8.247321123913e-06
6060 1.037540328387e-05
6063 8.259258861359e-06
6066 9.477729019088e-06
6069 8.957368465499e-06
6072 7.425825735864e-06
6075 7.749731092673e-06
6078 8.303697660803e-06
6081 6.998695757718e-06
6084 7.578507202788e-06
6087 7.007528304452e-06
6090 7.075919608345e-06
6093 8.040158285317e-06
6096 7.505835859951e-06
6099 6.499161607492e-06
6102 6.050070699640e-06
6105 6.021088917223e-06
6108 7.297856577181e-06
6111 1.065698480922e-05
6114 8.889688619259e-06
6117 9.893246632575e-06
6120 1.020946798956e-05
6123 1.226009184882e-05
6126 8.255149482667e-06
6129 9.588704055494e-06
6132 9.507425666426e-06
6135 8.753227920996e-06
6138 8.097077100128e-06
6141 1.079501423854e-05
6144 7.346099946022e-06
6147 9.155781192581e-06
6150 7.992358200851e-06
6153 5.883395629038e-06
6156 6.310275705955e-06
6159 7.271018307340e-06
6162 6.867621712011e-06
6165 5.867380036914e-06
6168 6.518324203880e-06
6171 6.373713177728e-06
6174 5.159306455879e-06
6177 4.828761121594e-06
6180 5.827257226860e-06
6183 4.470692247958e-06
6186 5.818336171667e-06
6189 8.735583412769e-06
6192 8.463516314705e-06
6195 7.651468781488e-06
6198 6.901117942691e-06
6201 9.765609968195e-06
6204 8.249617250864e-06
6207 1.010716411899e-05
6210 9.556913147892e-06
6213 9.360720073995e-06
6216 6.781161056087e-06
6219 7.986681674506e-06
6222 9.384896066022e-06
6225 9.486034890389e-06
6228 8.284123089409e-06
6231 7.539758695979e-06
6234 7.916952512880e-06
6237 8.624729031846e-06
6240 1.067744160725e-05
6243 7.430892657496e-06
6246 7.804931976302e-06
6249 6.979087289409e-06
6252 5.061178339097e-06
6255 6.745247354415e-06
6258 8.833471901615e-06
6261 6.563907259581e-06
6264 7.396094526922e-06
6267 6.929664171448e-06
6270 6.320668847627e-06
6273 7.504303285821e-06
6276 5.834440645325e-06
6279 9.876697983199e-06
6282 7.989728340218e-06
6285 6.856806971743e-06
6288 8.583106632792e-06
6291 1.153708654620e-05
6294 7.392127495242e-06
6297 7.218830506396e-06
6300 7.455350667363e-06
6303 7.666074291678e-06
6306 8.127787643331e-06
6309 7.408101711434e-06
6312 7.405947071598e-06
6315 6.741817709726e-06
6318 6.634108993729e-06
6321 8.077220522556e-06
6324 6.082350301973e-06
6327 6.054026899993e-06
6330 1.161489207066e-05
6333 7.516866549890e-06
6336 6.599971025106e-06
6339 6.093284056693e-06
6342 6.385250308992e-06
6345 6.884592845810e-06
6348 5.613742113883e-06
6351 5.315753214574e-06
6354 6.939918650753e-06
6357 6.473910397705e-06
6360 7.179784633768e-06
6363 7.294533992181e-06
6366 7.139957179946e-06
6369 7.734506150104e-06
6372 9.817768514027e-06
6375 6.242477121872e-06
6378 8.361218193950e-06
6381 8.004230747507e-06
6384 7.691362241484e-06
6387 6.572628650197e-06
6390 6.784298806076e-06
6393 7.130770227180e-06
6396 8.649077146614e-06
6399 9.854973484020e-06
6402 8.749264253897e-06
6405 8.438303137136e-06
6408 7.722653611421e-06
6411 9.766604764207e-06
6414 6.829555884990e-06
6417 6.532576424333e-06
6420 5.735492843669e-06
6423 6.728820637508e-06
6426 7.227101001400e-06
6429 9.912083922807e-06
6432 7.220325584494e-06
6435 4.936542384500e-06
6438 5.617025413698e-06
6441 6.136273534491e-06
6444 5.914084910979e-06
6447 5.827515943481e-06
6450 8.571355631458e-06
6453 7.564646529447e-06
6456 1.036397245451e-05
6459 7.266907378053e-06
6462 8.404981462266e-06
6465 9.146324499540e-06
6468 9.538419271570e-06
6471 9.884060309644e-06
6474 8.481598899388e-06
6477 7.094745713274e-06
6480 7.697265651907e-06
6483 8.741130696560e-06
6486 6.760031422317e-06
6489 7.698577119202e-06
6492 5.754839170842e-06
6495 5.351757711612e-06
6498 8.248686752493e-06
6501 7.257052137829e-06
6504 8.291709503214e-06
6507 5.730875729041e-06
6510 6.314753387866e-06
6513 7.462455194513e-06
6516 7.226597240713e-06
6519 5.964237044987e-06
6522 5.276345392488e-06
6525 6.117905309966e-06
6528 8.265479140451e-06
6531 7.371379036332e-06
6534 7.810054504261e-06
6537 7.829760224153e-06
6540 9.523628125975e-06
6543 8.518149426628e-06
6546 8.651118848701e-06
6549 6.099505454415e-06
6552 6.777368146333e-06
6555 5.854014114407e-06
6558 5.636265741730e-06
6561 5.162203558035e-06
6564 5.968204777277e-06
6567 4.668509289732e-06
6570 6.097875235170e-06
6573 6.837096392343e-06
6576 6.625031523753e-06
6579 6.313002583377e-06
6582 6.396065293370e-06
6585 7.369320489833e-06
6588 7.889875274732e-06
6591 6.643472193985e-06
6594 5.934638218739e-06
6597 6.829248452384e-06
6600 8.326482992227e-06
6603 6.307052557010e-06
6606 6.548560416239e-06
6609 7.072162903914e-06
6612 4.680535144425e-06
6615 4.809758325811e-06
6618 4.266549876577e-06
6621 4.724791510008e-06
6624 6.807869719693e-06
6627 6.823977930626e-06
6630 7.179170159988e-06
6633 5.789476347721e-06
6636 6.292700743076e-06
6639 5.626776552734e-06
6642 4.296066337298e-06
6645 5.931941800556e-06
6648 7.610574487243e-06
6651 9.665028806745e-06
6654 6.979456880138e-06
6657 8.562473045727e-06
6660 7.222520526515e-06
6663 6.018905899569e-06
6666 5.600383619014e-06
6669 6.698201130229e-06
6672 5.979998911349e-06
6675 6.010548166276e-06
6678 4.875511434249e-06
6681 4.752140743892e-06
6684 5.987918080538e-06
6687 4.009389005395e-06
6690 4.239236894019e-06
6693 4.156470960404e-06
6696 4.913033048284e-06
6699 5.426425570731e-06
6702 6.368421266006e-06
6705 5.916608539520e-06
6708 6.134369142118e-06
6711 8.309861373009e-06
6714 6.295512589443e-06
6717 5.891483383290e-06
6720 6.398359787924e-06
6723 8.679365792494e-06
6726 6.934619893773e-06
6729 7.216213651488e-06
6732 7.064710548926e-06
6735 6.926396876025e-06
6738 6.741183031009e-06
6741 5.808279030565e-06
6744 5.374631086523e-06
6747 6.321783367417e-06
6750 5.899432828502e-06
6753 6.521748400012e-06
6756 5.346328152830e-06
6759 5.543790382521e-06
6762 5.438983959309e-06
6765 5.433792220556e-06
6768 4.565650716273e-06
6771 5.952985442030e-06
6774 4.933105697837e-06
6777 4.578887275629e-06
6780 5.781896120026e-06
6783 6.353738952896e-06
6786 6.920983936532e-06
6789 6.788533095652e-06
6792 7.656462491248e-06
6795 9.199690985799e-06
6798 1.046822152378e-05
6801 7.259657618997e-06
6804 8.800203864642e-06
6807 6.050080025190e-06
6810 4.194230365661e-06
6813 4.439617949175e-06
6816 4.792655704812e-06
6819 4.908908967932e-06
6822 4.836426917139e-06
6825 5.163555548142e-06
6828 4.874565971531e-06
6831 4.504195711777e-06
6834 4.637574785608e-06
6837 5.103764187399e-06
6840 7.760823935530e-06
6843 8.113077926393e-06
6846 6.688112629095e-06
6849 7.275338321209e-06
6852 7.757845887704e-06
6855 9.406160468282e-06
6858 9.740970840402e-06
6861 7.383986474528e-06
6864 6.634859672799e-06
6867 7.268893320639e-06
6870 6.344985558053e-06
6873 6.009730206471e-06
6876 7.252619096979e-06
6879 4.923727980928e-06
6882 5.950296710457e-06
6885 5.856984056192e-06
6888 7.552295761637e-06
6891 4.606312265399e-06
6894 4.728992830162e-06
6897 5.384673385915e-06
6900 5.941692372375e-06
6903 6.163404257434e-06
6906 6.198594183900e-06
6909 6.852445928139e-06
6912 6.979127633834e-06
6915 5.259537833234e-06
6918 6.363296099818e-06
6921 5.909049234534e-06
6924 6.881621314227e-06
6927 7.364235718361e-06
6930 6.721681433970e-06
6933 6.853134617970e-06
6936 6.462813010555e-06
6939 6.633250782540e-06
6942 7.475367361487e-06
6945 6.065283654500e-06
6948 4.711607935879e-06
6951 6.402317098364e-06
6954 4.767671439074e-06
6957 5.573106619490e-06
6960 6.343992653755e-06
6963 6.175111167370e-06
6966 5.963571852133e-06
6969 8.384353208992e-06
6972 6.508184079511e-06
6975 8.074862637565e-06
6978 7.123016415098e-06
6981 5.556793784008e-06
6984 5.896932073184e-06
6987 5.648340179972e-06
6990 6.277084165466e-06
6993 5.707368626124e-06
6996 6.929251954729e-06
6999 5.449780669786e-06
7002 4.924890144091e-06
7005 5.236542192746e-06
7008 5.173267455798e-06
7011 4.882700270529e-06
7014 4.989158879890e-06
7017 5.650854495594e-06
7020 5.100451300442e-06
7023 5.554179654738e-06
7026 6.956133294018e-06
7029 6.784171537970e-06
7032 5.055230955998e-06
7035 4.913031087258e-06
7038 6.323399254288e-06
7041 5.584559439649e-06
7044 7.127188704198e-06
7047 4.897703836731e-06
7050 4.702757771605e-06
7053 6.869115654776e-06
7056 4.445786192731e-06
7059 4.961881785935e-06
7062 5.011175976431e-06
7065 5.028241877345e-06
7068 4.986696818670e-06
7071 5.839723548283e-06
7074 6.375097708487e-06
7077 6.189568868082e-06
7080 4.987974742526e-06
7083 4.491768996714e-06
7086 3.774331202376e-06
7089 4.985204522507e-06
7092 5.152702043319e-06
7095 5.005578714963e-06
7098 4.568490348162e-06
7101 5.354771329537e-06
7104 4.595007411852e-06
7107 6.386561042224e-06
7110 6.121499041186e-06
7113 4.897797472820e-06
7116 5.979284488626e-06
7119 6.167987473758e-06
7122 5.628940590056e-06
7125 4.655970065839e-06
7128 5.158907178008e-06
7131 5.813572300348e-06
7134 7.188712259191e-06
7137 6.875440117809e-06
7140 6.985265666231e-06
7143 7.709590184487e-06
7146 6.263287682212e-06
7149 6.245299357722e-06
7152 5.622334316791e-06
7155 4.988736531328e-06
7158 5.183509931599e-06
7161 3.930731486843e-06
7164 4.760135295549e-06
7167 4.083921680525e-06
7170 5.457866791415e-06
7173 3.846343842684e-06
7176 4.602846115559e-06
7179 3.939612379274e-06
7182 4.199096580613e-06
7185 4.870690776208e-06
7188 5.149741033033e-06
7191 4.206477312084e-06
7194 6.017255259373e-06
7197 5.430346151644e-06
7200 5.902077475802e-06
7203 4.612234562021e-06
7206 7.352099914303e-06
7209 5.589058027829e-06
7212 6.850285911469e-06
7215 4.982691741483e-06
7218 5.642322141322e-06
7221 6.555246933831e-06
7224 5.756285078883e-06
7227 5.690617917672e-06
7230 4.476070143227e-06
7233 4.899650999825e-06
7236 5.821010588602e-06
7239 7.467881477060e-06
7242 5.420886047021e-06
7245 4.427519477289e-06
7248 4.849611944004e-06
7251 3.896577879499e-06
7254 4.037262971159e-06
7257 4.720757155233e-06
7260 4.319910414774e-06
7263 5.209863413458e-06
7266 4.452984425662e-06
7269 4.318609235152e-06
7272 6.366550540343e-06
7275 5.353748127022e-06
7278 6.237271533801e-06
7281 6.556582143604e-06
7284 5.369012051396e-06
7287 5.361457331362e-06
7290 5.144194564518e-06
7293 5.117583586440e-06
7296 4.204927362719e-06
7299 5.573728928899e-06
7302 6.417724468137e-06
7305 5.592149100066e-06
7308 5.387039090575e-06
7311 5.147256751943e-06
7314 4.811866722287e-06
7317 5.161721430531e-06
7320 4.269662873866e-06
7323 2.946528034787e-06
7326 3.823599381846e-06
7329 3.389515936208e-06
7332 4.281208903566e-06
7335 5.107137270234e-06
7338 6.143358535730e-06
7341 5.250553997926e-06
7344 7.254784124409e-06
7347 5.458163787232e-06
7350 7.564251114389e-06
7353 5.590939187867e-06
7356 7.218528404221e-06
7359 6.642071398419e-06
7362 6.797759048511e-06
7365 6.924091811931e-06
7368 6.757429791442e-06
7371 5.694114533100e-06
7374 5.565740728753e-06
7377 2.921961713196e-06
7380 3.263683671546e-06
7383 4.741178373560e-06
7386 3.735617770820e-06
7389 4.370580200501e-06
7392 4.158791744134e-06
7395 4.688437962720e-06
7398 5.540780832189e-06
7401 4.315052173313e-06
7404 3.537712151217e-06
7407 3.566282824420e-06
7410 5.027592031480e-06
7413 5.299877960821e-06
7416 5.645085651339e-06
7419 6.756854004836e-06
7422 5.853027981062e-06
7425 5.797366505241e-06
7428 5.867904182000e-06
7431 6.247184212361e-06
7434 4.461580935707e-06
7437 5.313097663382e-06
7440 4.387990871144e-06
7443 4.894472985201e-06
7446 4.008314850519e-06
7449 4.376589661447e-06
7452 4.477173715495e-06
7455 3.560304980823e-06
7458 4.948445443847e-06
7461 3.537650225205e-06
7464 4.358645905945e-06
7467 3.305870232471e-06
7470 4.019621065124e-06
7473 3.751833042163e-06
7476 4.209568778948e-06
7479 4.823109302052e-06
7482 4.000421170719e-06
7485 5.694596025338e-06
7488 4.676020038427e-06
7491 5.327184627138e-06
7494 4.232957605529e-06
7497 4.174957631372e-06
7500 3.820111049049e-06
7503 3.508600339822e-06
7506 4.120931240059e-06
7509 4.405650999571e-06
7512 5.305008461168e-06
7515 3.954505392569e-06
7518 6.673516370832e-06
7521 4.834333432918e-06
7524 5.505302596579e-06
7527 4.389224908056e-06
7530 5.585793440623e-06
7533 5.277354844211e-06
7536 4.707809468129e-06
7539 4.217177643356e-06
7542 3.914209532143e-06
7545 3.515693897947e-06
7548 4.231254429378e-06
7551 3.393717069097e-06
7554 2.681826751189e-06
7557 4.020399925314e-06
7560 3.692033952435e-06
7563 2.752877822901e-06
7566 4.111777294371e-06
7569 3.806618341596e-06
7572 4.926978518518e-06
7575 3.880404939546e-06
7578 4.427421211003e-06
7581 4.318310853593e-06
7584 4.276521026760e-06
7587 2.989643273267e-06
7590 3.009905992453e-06
7593 3.081195545399e-06
7596 4.319262190074e-06
7599 3.298226669603e-06
7602 3.948976183502e-06
7605 3.724835959453e-06
7608 5.149447340430e-06
7611 4.549762391181e-06
7614 6.114443350356e-06
7617 7.957563774635e-06
7620 6.256279957511e-06
7623 5.026840467327e-06
7626 3.737170345799e-06
7629 3.775687931179e-06
7632 3.894497092034e-06
7635 3.008870922095e-06
7638 3.976951825773e-06
7641 3.530419696454e-06
7644 3.205292603971e-06
7647 2.908921224227e-06
7650 3.506200907469e-06
7653 3.350196839084e-06
7656 2.799539638211e-06
7659 3.201684642328e-06
7662 3.338391217492e-06
7665 4.271357900980e-06
7668 5.967879998874e-06
7671 4.596449651836e-06
7674 5.272577358658e-06
7677 6.123339818650e-06
7680 7.312539649803e-06
7683 5.046465502876e-06
7686 4.915922541139e-06
7689 3.602262853735e-06
7692 3.321874103779e-06
7695 3.537502717333e-06
7698 4.422848593195e-06
7701 3.141850729950e-06
7704 3.611689277275e-06
7707 3.943603346119e-06
7710 3.061477282971e-06
7713 2.896594266293e-06
7716 2.627526302363e-06
7719 2.992808219575e-06
7722 2.833042084227e-06
7725 3.606808159804e-06
7728 3.409631420964e-06
7731 3.652182322117e-06
7734 3.686590745565e-06
7737 4.070205033068e-06
7740 4.490041967885e-06
7743 4.268431591879e-06
7746 4.629488409987e-06
7749 3.966400038766e-06
7752 5.718905771092e-06
7755 6.441815261188e-06
7758 5.325408479191e-06
7761 4.251317083134e-06
7764 3.678569515551e-06
7767 4.097529352604e-06
7770 3.937383650815e-06
7773 4.064074043133e-06
7776 3.734141786739e-06
7779 3.639890277405e-06
7782 2.876205382531e-06
7785 2.424219258975e-06
7788 2.860208426741e-06
7791 2.308717428156e-06
7794 2.448722810665e-06
7797 3.060937714412e-06
7800 4.419847023165e-06
7803 4.169120040544e-06
7806 5.768987805255e-06
7809 4.565256536949e-06
7812 4.598057270080e-06
7815 5.828087864022e-06
7818 6.775145935377e-06
7821 5.105189534625e-06
7824 3.438401319060e-06
7827 3.339130824263e-06
7830 3.978799209798e-06
7833 3.007856822081e-06
7836 3.397705606801e-06
7839 3.392663262757e-06
7842 3.260470851660e-06
7845 3.732492031074e-06
7848 3.638165396313e-06
7851 3.195552173967e-06
7854 3.585025815065e-06
7857 3.383022825446e-06
7860 3.147523107678e-06
7863 3.496644177864e-06
7866 3.028634027123e-06
7869 3.132907140693e-06
7872 2.981417117456e-06
7875 2.784376191420e-06
7878 3.251891089248e-06
7881 3.518420659760e-06
7884 3.821047780626e-06
7887 4.859758300022e-06
7890 4.737699379752e-06
7893 3.966876732198e-06
7896 4.271147830065e-06
7899 4.191048716449e-06
7902 4.737869670644e-06
7905 4.824004820655e-06
7908 4.992037131664e-06
7911 5.076831746870e-06
7914 2.748616024354e-06
7917 2.419664134881e-06
7920 2.124177957366e-06
7923 2.461030807626e-06
7926 2.055617574290e-06
7929 2.278491592545e-06
7932 2.415036244154e-06
7935 2.747212026598e-06
7938 2.988520880750e-06
7941 3.441696353991e-06
7944 4.372597409995e-06
7947 3.644697535241e-06
7950 4.614838003742e-06
7953 3.164842192845e-06
7956 4.270235567882e-06
7959 3.215084636141e-06
7962 4.162893067221e-06
7965 3.193630139706e-06
7968 3.730032316968e-06
7971 3.556600793653e-06
7974 3.616648255526e-06
7977 3.193539092551e-06
7980 4.472040331811e-06
7983 2.738710640791e-06
7986 3.437765565234e-06
7989 2.483823520040e-06
7992 2.959222214376e-06
7995 2.548624632933e-06
7998 2.953486307453e-06
8001 2.562642571231e-06
8004 2.297795863371e-06
8007 2.728853265780e-06
8010 4.043979867697e-06
8013 2.583464204056e-06
8016 3.876658421628e-06
8019 2.834920978591e-06
8022 3.478057621088e-06
8025 3.683678098069e-06
8028 3.309914206745e-06
8031 4.190778360380e-06
8034 3.530693858827e-06
8037 3.578019688428e-06
8040 3.021354586430e-06
8043 3.209147288743e-06
8046 3.110243236214e-06
8049 2.955033273330e-06
8052 2.397753841021e-06
8055 2.606589424298e-06
8058 2.858875327933e-06
8061 2.623390403824e-06
8064 2.350434330862e-06
8067 2.129982259085e-06
8070 3.450042183115e-06
8073 2.918673833951e-06
8076 3.272265088937e-06
8079 3.452506994310e-06
8082 3.235847895399e-06
8085 3.532898421292e-06
8088 4.819828505361e-06
8091 3.236369376778e-06
8094 3.251657945895e-06
8097 3.159677665086e-06
8100 2.394898442054e-06
8103 2.872801585121e-06
8106 2.253893387080e-06
8109 2.789016122562e-06
8112 2.748050023065e-06
8115 2.863368102620e-06
8118 3.008761316672e-06
8121 2.767189724480e-06
8124 2.620030562528e-06
8127 3.207049105569e-06
8130 2.089571174017e-06
8133 2.999938490506e-06
8136 2.545352196168e-06
8139 2.490450203673e-06
8142 2.429256785074e-06
8145 3.665225372691e-06
8148 4.401909542434e-06
8151 4.978386543086e-06
8154 3.901028168566e-06
8157 4.159079866504e-06
8160 2.556351738723e-06
8163 2.881679549850e-06
8166 2.258420375718e-06
8169 2.437433117138e-06
8172 2.383002509581e-06
8175 2.080265314354e-06
8178 2.138243444367e-06
8181 1.896441038090e-06
8184 2.300435593625e-06
8187 2.330472047757e-06
8190 2.232196525256e-06
8193 2.104214188388e-06
8196 3.072042425496e-06
8199 2.929143790274e-06
8202 2.436214199850e-06
8205 2.726617637967e-06
8208 2.695308347208e-06
8211 1.957967898015e-06
8214 2.523346616730e-06
8217 3.332005658588e-06
8220 4.140478322491e-06
8223 3.510560306703e-06
8226 3.685499884050e-06
8229 3.036182179760e-06
8232 2.975244477786e-06
8235 2.157544491507e-06
8238 2.743889391071e-06
8241 2.253012127541e-06
8244 2.219409470648e-06
8247 2.677196525656e-06
8250 2.491583584773e-06
8253 2.512821817886e-06
8256 2.328487663043e-06
8259 1.780604594712e-06
8262 2.119235992034e-06
8265 2.481838872917e-06
8268 2.868537922849e-06
8271 2.610836675350e-06
8274 2.095223247069e-06
8277 2.408876074437e-06
8280 1.989615655300e-06
8283 2.302184499062e-06
8286 2.607865843783e-06
8289 4.071151033522e-06
8292 2.457524330548e-06
8295 3.049508305632e-06
8298 2.545381716310e-06
8301 3.006997696849e-06
8304 2.060628371438e-06
8307 2.401527862140e-06
8310 2.185750102319e-06
8313 2.768395628743e-06
8316 2.539186825230e-06
8319 2.553042539303e-06
8322 2.271277066028e-06
8325 2.186869365204e-06
8328 1.917092589551e-06
8331 2.085531061693e-06
8334 1.784335409551e-06
8337 1.970349804881e-06
8340 2.002555200902e-06
8343 2.211940949292e-06
8346 2.530698421360e-06
8349 1.922632625147e-06
8352 2.763797629939e-06
8355 2.526792767918e-06
8358 4.025331045172e-06
8361 2.854994145644e-06
8364 3.812971828776e-06
8367 2.782320266146e-06
8370 2.622927599189e-06
8373 3.381857218190e-06
8376 2.894124469736e-06
8379 3.430822146685e-06
8382 3.157247980040e-06
8385 2.833848945445e-06
8388 2.717366663164e-06
8391 2.550267302737e-06
8394 1.915464758400e-06
8397 1.821682615489e-06
8400 1.619487590226e-06
8403 2.162215799157e-06
8406 1.867758479850e-06
8409 2.368778608138e-06
8412 1.874284535635e-06
8415 2.206660131881e-06
8418 2.312085805069e-06
8421 2.126405946824e-06
8424 2.380507034473e-06
8427 3.638328547589e-06
8430 2.698257263558e-06
8433 2.981761619630e-06
8436 3.844399446331e-06
8439 3.457836938392e-06
8442 4.157682441805e-06
8445 3.788678882248e-06
8448 3.518842788016e-06
8451 2.755044669512e-06
8454 2.279064008581e-06
8457 2.652644133488e-06
8460 2.711775608328e-06
8463 2.257271126419e-06
8466 2.211072571375e-06
8469 1.922051873131e-06
8472 2.396191042082e-06
8475 2.972906410147e-06
8478 2.780949996898e-06
8481 3.243491830239e-06
8484 3.127573012420e-06
8487 2.505145615603e-06
8490 3.111702391429e-06
8493 2.232141479346e-06
8496 2.812481080507e-06
8499 2.503143689888e-06
8502 2.992743608685e-06
8505 2.385175922184e-06
8508 2.432482099831e-06
8511 3.245754152674e-06
8514 3.073237820654e-06
8517 3.031541428218e-06
8520 3.368781518007e-06
8523 3.229556329265e-06
8526 3.445334458850e-06
8529 2.400895389974e-06
8532 2.946082215323e-06
8535 2.466734846749e-06
8538 2.507526529500e-06
8541 1.878305587913e-06
8544 2.557855557011e-06
8547 2.418319456963e-06
8550 2.627473942727e-06
8553 3.525277399432e-06
8556 3.110471153815e-06
8559 2.786536762795e-06
8562 4.064338218523e-06
8565 3.998958698299e-06
8568 2.993158215123e-06
8571 3.338184768997e-06
8574 3.540989868770e-06
8577 2.637723782626e-06
8580 3.212898374645e-06
8583 2.607890210545e-06
8586 3.073348361179e-06
8589 3.058820814156e-06
8592 2.368035453621e-06
8595 2.656505605177e-06
8598 3.324168720631e-06
8601 3.008715682990e-06
8604 2.754141687401e-06
8607 2.986016933461e-06
8610 2.302447056551e-06
8613 2.642223222145e-06
8616 2.664773475393e-06
8619 2.682696399645e-06
8622 3.243841735595e-06
8625 2.128626457247e-06
8628 2.354334560526e-06
8631 2.295917387005e-06
8634 2.828821572982e-06
8637 4.239993674704e-06
8640 3.497359853230e-06
8643 4.275840480154e-06
8646 3.774169743400e-06
8649 5.109204423542e-06
8652 3.401715755877e-06
8655 3.413330670470e-06
8658 3.053150010450e-06
8661 2.847621036081e-06
8664 2.641667385580e-06
8667 2.339294464517e-06
8670 1.979694542132e-06
8673 2.001609249490e-06
8676 2.654209136914e-06
8679 2.941886838670e-06
8682 2.585226743758e-06
8685 2.158283109459e-06
8688 2.788373706921e-06
8691 2.455949866715e-06
8694 2.808113220076e-06
8697 2.433497250091e-06
8700 2.619544540352e-06
8703 3.917334569428e-06
8706 2.529750619971e-06
8709 3.725047912451e-06
8712 5.114194078460e-06
8715 5.207373889944e-06
8718 4.800392575618e-06
8721 3.896180951090e-06
8724 3.865800791083e-06
8727 2.681292435567e-06
8730 3.661202249235e-06
8733 3.408235549211e-06
8736 3.447597467531e-06
8739 2.191602655321e-06
8742 3.037078349919e-06
8745 2.768826558971e-06
8748 2.659283144532e-06
8751 1.912058487805e-06
8754 2.727365903671e-06
8757 2.904333233168e-06
8760 3.080378861036e-06
8763 3.618781144410e-06
8766 5.201244378241e-06
8769 4.367002217413e-06
8772 3.797705961854e-06
8775 4.960312526020e-06
8778 3.873245466880e-06
8781 3.165695524722e-06
8784 2.982984420028e-06
8787 3.141380950016e-06
8790 2.897926265037e-06
8793 2.642844021443e-06
8796 2.614071457900e-06
8799 3.174681512640e-06
8802 2.690598233556e-06
8805 3.473308261149e-06
8808 2.630649410894e-06
8811 3.009267742036e-06
8814 2.427611731549e-06
8817 2.907506122365e-06
8820 2.628890578326e-06
8823 2.780121466596e-06
8826 2.561623919123e-06
8829 3.110906826671e-06
8832 2.489374675010e-06
8835 2.961323453706e-06
8838 3.019857842570e-06
8841 2.967849250767e-06
8844 3.142554280995e-06
8847 4.288771900999e-06
8850 3.029429611735e-06
8853 3.060953193689e-06
8856 3.002354960440e-06
8859 3.190809230190e-06
8862 3.384178740940e-06
8865 3.133674781736e-06
8868 3.853408837621e-06
8871 3.284226129214e-06
8874 3.644411516767e-06
8877 2.722427044569e-06
8880 3.088492251432e-06
8883 2.367449406235e-06
8886 2.738890227995e-06
8889 2.705912246319e-06
8892 3.014025259450e-06
8895 2.869057373968e-06
8898 3.794162202701e-06
8901 2.776941597403e-06
8904 3.973865262419e-06
8907 2.496025837370e-06
8910 2.373949201450e-06
8913 2.827987331705e-06
8916 2.611402253901e-06
8919 2.148909974744e-06
8922 3.006382784710e-06
8925 2.472003730148e-06
8928 2.798591651826e-06
8931 3.282078265477e-06
8934 3.265461905872e-06
8937 2.969518145783e-06
8940 3.083957967172e-06
8943 2.911168393798e-06
8946 3.155912888542e-06
8949 3.390952390684e-06
8952 2.857330614170e-06
8955 3.062664040550e-06
8958 2.655327916895e-06
8961 2.476810242274e-06
8964 2.294336543775e-06
8967 3.485156523979e-06
8970 2.321317137088e-06
8973 2.228497497869e-06
8976 2.077099167125e-06
8979 3.293494291330e-06
8982 2.275539729287e-06
8985 3.070644517244e-06
8988 3.361104153029e-06
8991 2.770012448211e-06
8994 3.359812236419e-06
8997 2.631627829851e-06
9000 2.680795837896e-06
9003 3.603776580106e-06
9006 3.415223558362e-06
9009 3.728831462019e-06
9012 3.332801453011e-06
9015 3.165631040150e-06
9018 3.511887690745e-06
9021 2.988271652150e-06
9024 3.280300355106e-06
9027 3.333687268155e-06
9030 2.622851685720e-06
9033 2.489372286559e-06
9036 2.994105693992e-06
9039 3.851961525726e-06
9042 3.029530375200e-06
9045 3.527031276308e-06
9048 3.260500994367e-06
9051 3.258500968147e-06
9054 2.901847753397e-06
9057 2.598254252591e-06
9060 2.819536836025e-06
9063 2.314676973532e-06
9066 2.452163213703e-06
9069 2.260046025797e-06
9072 2.298500488571e-06
9075 2.338021516884e-06
9078 3.163915667557e-06
9081 2.475565370847e-06
9084 3.647441253804e-06
9087 2.169649913988e-06
9090 2.568455405623e-06
9093 3.007357712579e-06
9096 3.013537864602e-06
9099 2.866057635684e-06
9102 2.956825404207e-06
9105 4.078104794129e-06
9108 3.893999316960e-06
9111 4.387176304016e-06
9114 4.379230825976e-06
9117 3.599543705810e-06
9120 3.467230583993e-06
9123 3.134981674310e-06
9126 3.016605314858e-06
9129 2.512644479303e-06
9132 2.683847231501e-06
9135 2.391653631349e-06
9138 2.461571528922e-06
9141 3.155306346594e-06
9144 2.508541535783e-06
9147 3.674518479354e-06
9150 2.799233074152e-06
9153 3.053117493543e-06
9156 3.109789618838e-06
9159 3.500681469568e-06
9162 4.291825453997e-06
9165 3.662071401176e-06
9168 3.689701193742e-06
9171 3.389513565227e-06
9174 3.398258332899e-06
9177 4.819367474410e-06
9180 2.810135745007e-06
9183 2.500688084984e-06
9186 2.640207214845e-06
9189 2.289404732500e-06
9192 2.325991692249e-06
9195 2.539767538794e-06
9198 2.678414921951e-06
9201 2.559989929485e-06
9204 1.920216762983e-06
9207 2.398534671101e-06
9210 2.815807590233e-06
9213 3.523028073785e-06
9216 4.139220301030e-06
9219 3.884998505902e-06
9222 4.008825622159e-06
9225 3.485707359274e-06
9228 3.364488381190e-06
9231 2.645951576012e-06
9234 3.207076300498e-06
9237 3.907736017869e-06
9240 3.818667265318e-06
9243 4.552875567371e-06
9246 4.242304174622e-06
9249 3.670058723578e-06
9252 2.973017240377e-06
9255 2.418642116560e-06
9258 2.698682267568e-06
9261 2.932891777701e-06
9264 2.034848337394e-06
9267 2.074204243796e-06
9270 2.557048977179e-06
9273 2.391845084388e-06
9276 3.336256425579e-06
9279 2.913360893003e-06
9282 2.836579576145e-06
9285 2.629605019534e-06
9288 3.798853173254e-06
9291 2.580045167042e-06
9294 2.905496135482e-06
9297 2.900011775351e-06
9300 2.368228523415e-06
9303 2.894670242551e-06
9306 2.830731542660e-06
9309 2.354260199125e-06
9312 3.163192823564e-06
9315 3.425062476195e-06
9318 2.534785411882e-06
9321 3.483775863947e-06
9324 3.580874952044e-06
9327 4.235365806872e-06
9330 3.005893458620e-06
9333 3.464483535719e-06
9336 3.282359155159e-06
9339 2.890190121452e-06
9342 2.787223085803e-06
9345 2.273817432183e-06
9348 2.746883385103e-06
9351 2.171404131059e-06
9354 2.771404741504e-06
9357 2.440963418295e-06
9360 2.378741999595e-06
9363 2.144144920219e-06
9366 3.491946458355e-06
9369 3.636417909620e-06
9372 2.883338302606e-06
9375 3.200608936906e-06
9378 3.052947603681e-06
9381 3.298609220336e-06
9384 4.186860828223e-06
9387 3.332583217299e-06
9390 3.237853518045e-06
9393 3.567818612320e-06
9396 3.125811475507e-06
9399 3.327489739688e-06
9402 3.358799187812e-06
9405 3.019513796692e-06
9408 3.085143968191e-06
9411 3.613029945582e-06
9414 3.696147039351e-06
9417 2.141795148395e-06
9420 2.531215705974e-06
9423 2.142161961709e-06
9426 2.620232463289e-06
9429 2.532362652778e-06
9432 3.171397794267e-06
9435 2.476080174600e-06
9438 2.968522297948e-06
9441 2.871352246935e-06
9444 2.695535951872e-06
9447 2.485508257645e-06
9450 3.938766915502e-06
9453 3.115484553062e-06
9456 3.788699882925e-06
9459 3.513973294727e-06
9462 3.631413090747e-06
9465 4.923911327246e-06
9468 3.300270208541e-06
9471 3.916997647244e-06
9474 2.989428856430e-06
9477 2.604895739250e-06
9480 3.621675759388e-06
9483 3.019350176270e-06
9486 2.552338190682e-06
9489 3.008251417100e-06
9492 1.797228530854e-06
9495 2.815489816891e-06
9498 2.092772801898e-06
9501 2.634572485383e-06
9504 2.873675858844e-06
9507 3.686251636431e-06
9510 3.562861012183e-06
9513 3.813213019451e-06
9516 4.439267804327e-06
9519 4.380437174143e-06
9522 3.850469289065e-06
9525 4.319338248999e-06
9528 3.062603734552e-06
9531 4.250273521416e-06
9534 3.731930963078e-06
9537 3.153401912488e-06
9540 3.341120090791e-06
9543 3.693483044490e-06
9546 3.387994481866e-06
9549 2.536643490141e-06
9552 2.410367986417e-06
9555 2.255033518708e-06
9558 2.094191473311e-06
9561 2.193022415177e-06
9564 2.172589705809e-06
9567 1.869729925028e-06
9570 2.432439152079e-06
9573 2.303730797833e-06
9576 2.998711725313e-06
9579 2.923272551539e-06
9582 3.386895629307e-06
9585 3.953002533571e-06
9588 3.269790399044e-06
9591 3.962643400263e-06
9594 3.549546723279e-06
9597 3.044849395372e-06
9600 3.352143033593e-06
9603 3.681633459161e-06
9606 3.068319703322e-06
9609 3.002393045553e-06
9612 3.003681430293e-06
9615 3.223486500186e-06
9618 2.938093129164e-06
9621 3.373008743023e-06
9624 3.401804455891e-06
9627 3.088032350370e-06
9630 2.332093534177e-06
9633 2.830134967972e-06
9636 2.501181469090e-06
9639 2.110083904145e-06
9642 1.855535828096e-06
9645 2.663396009492e-06
9648 2.061447081732e-06
9651 2.857460293815e-06
9654 2.332378604782e-06
9657 2.612892735900e-06
9660 2.289746347262e-06
9663 3.109590311581e-06
9666 2.731308803583e-06
9669 2.895882863238e-06
9672 3.862479435795e-06
9675 2.601367305867e-06
9678 2.235477393370e-06
9681 2.818393069610e-06
9684 2.211681268959e-06
9687 2.362017187131e-06
9690 2.412690372323e-06
9693 2.331874029437e-06
9696 3.153008214889e-06
9699 2.997323616201e-06
9702 3.319417845669e-06
9705 3.187865908904e-06
9708 2.797551991295e-06
9711 4.375872261923e-06
9714 3.916141064012e-06
9717 3.013368811622e-06
9720 3.258482801208e-06
9723 2.299549164577e-06
9726 2.604355965350e-06
9729 2.228885274394e-06
9732 2.538842642831e-06
9735 1.717843622504e-06
9738 2.212447314993e-06
9741 1.918860187517e-06
9744 1.679125588783e-06
9747 2.003304324222e-06
9750 2.214010369017e-06
9753 2.399313659881e-06
9756 2.322968996982e-06
9759 2.941778532422e-06
9762 2.324297768698e-06
9765 2.964480399273e-06
9768 2.781509062213e-06
9771 3.445322377825e-06
9774 3.300773645977e-06
9777 2.608743440870e-06
9780 3.074141893097e-06
9783 3.678832286006e-06
9786 3.285107968840e-06
9789 4.385706095286e-06
9792 3.355519881828e-06
9795 3.107103567416e-06
9798 3.543227218513e-06
9801 2.724279199630e-06
9804 3.024402317627e-06
9807 1.921918601973e-06
9810 1.550965559151e-06
9813 1.854472435495e-06
9816 1.819463993193e-06
9819 1.821010710986e-06
9822 2.253398875650e-06
9825 2.523789037869e-06
9828 2.104753587424e-06
9831 2.365327685097e-06
9834 2.291749144775e-06
9837 3.098406621452e-06
9840 2.582369525732e-06
9843 2.987394105584e-06
9846 3.144001840961e-06
9849 3.659415604794e-06
9852 3.710399696931e-06
9855 3.097524060692e-06
9858 2.899299357837e-06
9861 2.252326172877e-06
9864 2.091374517322e-06
9867 3.017617490753e-06
9870 2.742964545254e-06
9873 3.391148852997e-06
9876 2.371246173358e-06
9879 2.417581093993e-06
9882 1.922551335580e-06
9885 2.214904077237e-06
9888 2.035691459308e-06
9891 2.025653817085e-06
9894 2.071162308581e-06
9897 2.466259330768e-06
9900 1.996979107757e-06
9903 1.834115640084e-06
9906 1.619785818498e-06
9909 1.675291321378e-06
9912 1.908243420568e-06
9915 1.839023099210e-06
9918 1.879487434716e-06
9921 1.830525189497e-06
9924 2.409825392422e-06
9927 2.280064201779e-06
9930 3.162795651530e-06
9933 3.100686410147e-06
9936 3.766010584014e-06
9939 2.912874361166e-06
9942 2.537226404721e-06
9945 2.934403346586e-06
9948 1.836548591934e-06
9951 1.922209662850e-06
9954 1.768951227459e-06
9957 1.664991171210e-06
9960 2.053275632052e-06
9963 1.939451363853e-06
9966 2.020150190725e-06
9969 2.012997273382e-06
9972 2.002321637636e-06
9975 2.948404021671e-06
9978 2.136744907247e-06
9981 2.427270327323e-06
9984 2.102809735581e-06
9987 2.118084202453e-06
9990 2.016610882451e-06
9993 2.563897079506e-06
9996 1.829133812407e-06
9999 1.999260342259e-06
