dirfound
filefound
Kskip-CR selected
0 1.000000000000e+00
0 0.000000e+00 0.000000e+00
1 1.000000e+00 1.000000e+00
2 2.000000e+00 2.000000e+00
3 3.000000e+00 3.000000e+00
4 4.000000e+00 4.000000e+00
5 5.000000e+00 5.000000e+00
6 6.000000e+00 6.000000e+00
7 7.000000e+00 7.000000e+00
8 8.000000e+00 8.000000e+00
9 9.000000e+00 9.000000e+00
10 1.000000e+01 1.000000e+01
11 1.100000e+01 1.100000e+01
12 1.200000e+01 1.200000e+01
13 1.300000e+01 1.300000e+01
14 1.400000e+01 1.400000e+01
15 1.500000e+01 1.500000e+01
16 1.600000e+01 1.600000e+01
17 1.700000e+01 1.700000e+01
18 1.800000e+01 1.800000e+01
19 1.900000e+01 1.900000e+01
20 2.000000e+01 2.000000e+01
21 2.100000e+01 2.100000e+01
22 2.200000e+01 2.200000e+01
23 2.300000e+01 2.300000e+01
24 2.400000e+01 2.400000e+01
25 2.500000e+01 2.500000e+01
26 2.600000e+01 2.600000e+01
27 2.700000e+01 2.700000e+01
28 2.800000e+01 2.800000e+01
29 2.900000e+01 2.900000e+01
30 3.000000e+01 3.000000e+01
31 3.100000e+01 3.100000e+01
32 3.200000e+01 3.200000e+01
33 3.300000e+01 3.300000e+01
34 3.400000e+01 3.400000e+01
35 3.500000e+01 3.500000e+01
36 3.600000e+01 3.600000e+01
37 3.700000e+01 3.700000e+01
38 3.800000e+01 3.800000e+01
39 3.900000e+01 3.900000e+01
40 4.000000e+01 4.000000e+01
41 4.100000e+01 4.100000e+01
42 4.200000e+01 4.200000e+01
43 4.300000e+01 4.300000e+01
44 4.400000e+01 4.400000e+01
45 4.500000e+01 4.500000e+01
46 4.600000e+01 4.600000e+01
47 4.700000e+01 4.700000e+01
48 4.800000e+01 4.800000e+01
49 4.900000e+01 4.900000e+01
50 5.000000e+01 5.000000e+01
51 5.100000e+01 5.100000e+01
52 5.200000e+01 5.200000e+01
53 5.300000e+01 5.300000e+01
54 5.400000e+01 5.400000e+01
55 5.500000e+01 5.500000e+01
56 5.600000e+01 5.600000e+01
57 5.700000e+01 5.700000e+01
58 5.800000e+01 5.800000e+01
59 5.900000e+01 5.900000e+01
60 6.000000e+01 6.000000e+01
61 6.100000e+01 6.100000e+01
62 6.200000e+01 6.200000e+01
63 6.300000e+01 6.300000e+01
64 6.400000e+01 6.400000e+01
65 6.500000e+01 6.500000e+01
66 6.600000e+01 6.600000e+01
67 6.700000e+01 6.700000e+01
68 6.800000e+01 6.800000e+01
69 6.900000e+01 6.900000e+01
70 7.000000e+01 7.000000e+01
71 7.100000e+01 7.100000e+01
72 7.200000e+01 7.200000e+01
73 7.300000e+01 7.300000e+01
74 7.400000e+01 7.400000e+01
75 7.500000e+01 7.500000e+01
76 7.600000e+01 7.600000e+01
77 7.700000e+01 7.700000e+01
78 7.800000e+01 7.800000e+01
79 7.900000e+01 7.900000e+01
80 8.000000e+01 8.000000e+01
81 8.100000e+01 8.100000e+01
82 8.200000e+01 8.200000e+01
83 8.300000e+01 8.300000e+01
84 8.400000e+01 8.400000e+01
85 8.500000e+01 8.500000e+01
86 8.600000e+01 8.600000e+01
87 8.700000e+01 8.700000e+01
88 8.800000e+01 8.800000e+01
89 8.900000e+01 8.900000e+01
90 9.000000e+01 9.000000e+01
91 9.100000e+01 9.100000e+01
92 9.200000e+01 9.200000e+01
93 9.300000e+01 9.300000e+01
94 9.400000e+01 9.400000e+01
95 9.500000e+01 9.500000e+01
96 9.600000e+01 9.600000e+01
97 9.700000e+01 9.700000e+01
98 9.800000e+01 9.800000e+01
99 9.900000e+01 9.900000e+01
100 1.000000e+02 1.000000e+02
101 1.010000e+02 1.010000e+02
102 1.020000e+02 1.020000e+02
103 1.030000e+02 1.030000e+02
104 1.040000e+02 1.040000e+02
105 1.050000e+02 1.050000e+02
106 1.060000e+02 1.060000e+02
107 1.070000e+02 1.070000e+02
108 1.080000e+02 1.080000e+02
109 1.090000e+02 1.090000e+02
110 1.100000e+02 1.100000e+02
111 1.110000e+02 1.110000e+02
112 1.120000e+02 1.120000e+02
113 1.130000e+02 1.130000e+02
114 1.140000e+02 1.140000e+02
115 1.150000e+02 1.150000e+02
116 1.160000e+02 1.160000e+02
117 1.170000e+02 1.170000e+02
118 1.180000e+02 1.180000e+02
119 1.190000e+02 1.190000e+02
120 1.200000e+02 1.200000e+02
121 1.210000e+02 1.210000e+02
122 1.220000e+02 1.220000e+02
123 1.230000e+02 1.230000e+02
124 1.240000e+02 1.240000e+02
125 1.250000e+02 1.250000e+02
126 1.260000e+02 1.260000e+02
127 1.270000e+02 1.270000e+02
128 1.280000e+02 1.280000e+02
129 1.290000e+02 1.290000e+02
130 1.300000e+02 1.300000e+02
131 1.310000e+02 1.310000e+02
132 1.320000e+02 1.320000e+02
133 1.330000e+02 1.330000e+02
134 1.340000e+02 1.340000e+02
135 1.350000e+02 1.350000e+02
136 1.360000e+02 1.360000e+02
137 1.370000e+02 1.370000e+02
138 1.380000e+02 1.380000e+02
139 1.390000e+02 1.390000e+02
140 1.400000e+02 1.400000e+02
141 1.410000e+02 1.410000e+02
142 1.420000e+02 1.420000e+02
143 1.430000e+02 1.430000e+02
144 1.440000e+02 1.440000e+02
145 1.450000e+02 1.450000e+02
146 1.460000e+02 1.460000e+02
147 1.470000e+02 1.470000e+02
148 1.480000e+02 1.480000e+02
149 1.490000e+02 1.490000e+02
150 1.500000e+02 1.500000e+02
151 1.510000e+02 1.510000e+02
152 1.520000e+02 1.520000e+02
153 1.530000e+02 1.530000e+02
154 1.540000e+02 1.540000e+02
155 1.550000e+02 1.550000e+02
156 1.560000e+02 1.560000e+02
157 1.570000e+02 1.570000e+02
158 1.580000e+02 1.580000e+02
159 1.590000e+02 1.590000e+02
160 1.600000e+02 1.600000e+02
161 1.610000e+02 1.610000e+02
162 1.620000e+02 1.620000e+02
163 1.630000e+02 1.630000e+02
164 1.640000e+02 1.640000e+02
165 1.650000e+02 1.650000e+02
166 1.660000e+02 1.660000e+02
167 1.670000e+02 1.670000e+02
168 1.680000e+02 1.680000e+02
169 1.690000e+02 1.690000e+02
170 1.700000e+02 1.700000e+02
171 1.710000e+02 1.710000e+02
172 1.720000e+02 1.720000e+02
173 1.730000e+02 1.730000e+02
174 1.740000e+02 1.740000e+02
175 1.750000e+02 1.750000e+02
176 1.760000e+02 1.760000e+02
177 1.770000e+02 1.770000e+02
178 1.780000e+02 1.780000e+02
179 1.790000e+02 1.790000e+02
180 1.800000e+02 1.800000e+02
181 1.810000e+02 1.810000e+02
182 1.820000e+02 1.820000e+02
183 1.830000e+02 1.830000e+02
184 1.840000e+02 1.840000e+02
185 1.850000e+02 1.850000e+02
186 1.860000e+02 1.860000e+02
187 1.870000e+02 1.870000e+02
188 1.880000e+02 1.880000e+02
189 1.890000e+02 1.890000e+02
190 1.900000e+02 1.900000e+02
191 1.910000e+02 1.910000e+02
192 1.920000e+02 1.920000e+02
193 1.930000e+02 1.930000e+02
194 1.940000e+02 1.940000e+02
195 1.950000e+02 1.950000e+02
196 1.960000e+02 1.960000e+02
197 1.970000e+02 1.970000e+02
198 1.980000e+02 1.980000e+02
199 1.990000e+02 1.990000e+02
200 2.000000e+02 2.000000e+02
201 2.010000e+02 2.010000e+02
202 2.020000e+02 2.020000e+02
203 2.030000e+02 2.030000e+02
204 2.040000e+02 2.040000e+02
205 2.050000e+02 2.050000e+02
206 2.060000e+02 2.060000e+02
207 2.070000e+02 2.070000e+02
208 2.080000e+02 2.080000e+02
209 2.090000e+02 2.090000e+02
210 2.100000e+02 2.100000e+02
211 2.110000e+02 2.110000e+02
212 2.120000e+02 2.120000e+02
213 2.130000e+02 2.130000e+02
214 2.140000e+02 2.140000e+02
215 2.150000e+02 2.150000e+02
216 2.160000e+02 2.160000e+02
217 2.170000e+02 2.170000e+02
218 2.180000e+02 2.180000e+02
219 2.190000e+02 2.190000e+02
220 2.200000e+02 2.200000e+02
221 2.210000e+02 2.210000e+02
222 2.220000e+02 2.220000e+02
223 2.230000e+02 2.230000e+02
224 2.240000e+02 2.240000e+02
225 2.250000e+02 2.250000e+02
226 2.260000e+02 2.260000e+02
227 2.270000e+02 2.270000e+02
228 2.280000e+02 2.280000e+02
229 2.290000e+02 2.290000e+02
230 2.300000e+02 2.300000e+02
231 2.310000e+02 2.310000e+02
232 2.320000e+02 2.320000e+02
233 2.330000e+02 2.330000e+02
234 2.340000e+02 2.340000e+02
235 2.350000e+02 2.350000e+02
236 2.360000e+02 2.360000e+02
237 2.370000e+02 2.370000e+02
238 2.380000e+02 2.380000e+02
239 2.390000e+02 2.390000e+02
240 2.400000e+02 2.400000e+02
241 2.410000e+02 2.410000e+02
242 2.420000e+02 2.420000e+02
243 2.430000e+02 2.430000e+02
244 2.440000e+02 2.440000e+02
245 2.450000e+02 2.450000e+02
246 2.460000e+02 2.460000e+02
247 2.470000e+02 2.470000e+02
248 2.480000e+02 2.480000e+02
249 2.490000e+02 2.490000e+02
250 2.500000e+02 2.500000e+02
251 2.510000e+02 2.510000e+02
252 2.520000e+02 2.520000e+02
253 2.530000e+02 2.530000e+02
254 2.540000e+02 2.540000e+02
255 2.550000e+02 2.550000e+02
256 2.560000e+02 2.560000e+02
257 2.570000e+02 2.570000e+02
258 2.580000e+02 2.580000e+02
259 2.590000e+02 2.590000e+02
260 2.600000e+02 2.600000e+02
261 2.610000e+02 2.610000e+02
262 2.620000e+02 2.620000e+02
263 2.630000e+02 2.630000e+02
264 2.640000e+02 2.640000e+02
265 2.650000e+02 2.650000e+02
266 2.660000e+02 2.660000e+02
267 2.670000e+02 2.670000e+02
268 2.680000e+02 2.680000e+02
269 2.690000e+02 2.690000e+02
270 2.700000e+02 2.700000e+02
271 2.710000e+02 2.710000e+02
272 2.720000e+02 2.720000e+02
273 2.730000e+02 2.730000e+02
274 2.740000e+02 2.740000e+02
275 2.750000e+02 2.750000e+02
276 2.760000e+02 2.760000e+02
277 2.770000e+02 2.770000e+02
278 2.780000e+02 2.780000e+02
279 2.790000e+02 2.790000e+02
280 2.800000e+02 2.800000e+02
281 2.810000e+02 2.810000e+02
282 2.820000e+02 2.820000e+02
283 2.830000e+02 2.830000e+02
284 2.840000e+02 2.840000e+02
285 2.850000e+02 2.850000e+02
286 2.860000e+02 2.860000e+02
287 2.870000e+02 2.870000e+02
288 2.880000e+02 2.880000e+02
289 2.890000e+02 2.890000e+02
290 2.900000e+02 2.900000e+02
291 2.910000e+02 2.910000e+02
292 2.920000e+02 2.920000e+02
293 2.930000e+02 2.930000e+02
294 2.940000e+02 2.940000e+02
295 2.950000e+02 2.950000e+02
296 2.960000e+02 2.960000e+02
297 2.970000e+02 2.970000e+02
298 2.980000e+02 2.980000e+02
299 2.990000e+02 2.990000e+02
300 3.000000e+02 3.000000e+02
301 3.010000e+02 3.010000e+02
302 3.020000e+02 3.020000e+02
303 3.030000e+02 3.030000e+02
304 3.040000e+02 3.040000e+02
305 3.050000e+02 3.050000e+02
306 3.060000e+02 3.060000e+02
307 3.070000e+02 3.070000e+02
308 3.080000e+02 3.080000e+02
309 3.090000e+02 3.090000e+02
310 3.100000e+02 3.100000e+02
311 3.110000e+02 3.110000e+02
312 3.120000e+02 3.120000e+02
313 3.130000e+02 3.130000e+02
314 3.140000e+02 3.140000e+02
315 3.150000e+02 3.150000e+02
316 3.160000e+02 3.160000e+02
317 3.170000e+02 3.170000e+02
318 3.180000e+02 3.180000e+02
319 3.190000e+02 3.190000e+02
320 3.200000e+02 3.200000e+02
321 3.210000e+02 3.210000e+02
322 3.220000e+02 3.220000e+02
323 3.230000e+02 3.230000e+02
324 3.240000e+02 3.240000e+02
325 3.250000e+02 3.250000e+02
326 3.260000e+02 3.260000e+02
327 3.270000e+02 3.270000e+02
328 3.280000e+02 3.280000e+02
329 3.290000e+02 3.290000e+02
330 3.300000e+02 3.300000e+02
331 3.310000e+02 3.310000e+02
332 3.320000e+02 3.320000e+02
333 3.330000e+02 3.330000e+02
334 3.340000e+02 3.340000e+02
335 3.350000e+02 3.350000e+02
336 3.360000e+02 3.360000e+02
337 3.370000e+02 3.370000e+02
338 3.380000e+02 3.380000e+02
339 3.390000e+02 3.390000e+02
340 3.400000e+02 3.400000e+02
341 3.410000e+02 3.410000e+02
342 3.420000e+02 3.420000e+02
343 3.430000e+02 3.430000e+02
344 3.440000e+02 3.440000e+02
345 3.450000e+02 3.450000e+02
346 3.460000e+02 3.460000e+02
347 3.470000e+02 3.470000e+02
348 3.480000e+02 3.480000e+02
349 3.490000e+02 3.490000e+02
350 3.500000e+02 3.500000e+02
351 3.510000e+02 3.510000e+02
352 3.520000e+02 3.520000e+02
353 3.530000e+02 3.530000e+02
354 3.540000e+02 3.540000e+02
355 3.550000e+02 3.550000e+02
356 3.560000e+02 3.560000e+02
357 3.570000e+02 3.570000e+02
358 3.580000e+02 3.580000e+02
359 3.590000e+02 3.590000e+02
360 3.600000e+02 3.600000e+02
361 3.610000e+02 3.610000e+02
362 3.620000e+02 3.620000e+02
363 3.630000e+02 3.630000e+02
364 3.640000e+02 3.640000e+02
365 3.650000e+02 3.650000e+02
366 3.660000e+02 3.660000e+02
367 3.670000e+02 3.670000e+02
368 3.680000e+02 3.680000e+02
369 3.690000e+02 3.690000e+02
370 3.700000e+02 3.700000e+02
371 3.710000e+02 3.710000e+02
372 3.720000e+02 3.720000e+02
373 3.730000e+02 3.730000e+02
374 3.740000e+02 3.740000e+02
375 3.750000e+02 3.750000e+02
376 3.760000e+02 3.760000e+02
377 3.770000e+02 3.770000e+02
378 3.780000e+02 3.780000e+02
379 3.790000e+02 3.790000e+02
380 3.800000e+02 3.800000e+02
381 3.810000e+02 3.810000e+02
382 3.820000e+02 3.820000e+02
383 3.830000e+02 3.830000e+02
384 3.840000e+02 3.840000e+02
385 3.850000e+02 3.850000e+02
386 3.860000e+02 3.860000e+02
387 3.870000e+02 3.870000e+02
388 3.880000e+02 3.880000e+02
389 3.890000e+02 3.890000e+02
390 3.900000e+02 3.900000e+02
391 3.910000e+02 3.910000e+02
392 3.920000e+02 3.920000e+02
393 3.930000e+02 3.930000e+02
394 3.940000e+02 3.940000e+02
395 3.950000e+02 3.950000e+02
396 3.960000e+02 3.960000e+02
397 3.970000e+02 3.970000e+02
398 3.980000e+02 3.980000e+02
399 3.990000e+02 3.990000e+02
400 4.000000e+02 4.000000e+02
401 4.010000e+02 4.010000e+02
402 4.020000e+02 4.020000e+02
403 4.030000e+02 4.030000e+02
404 4.040000e+02 4.040000e+02
405 4.050000e+02 4.050000e+02
406 4.060000e+02 4.060000e+02
407 4.070000e+02 4.070000e+02
408 4.080000e+02 4.080000e+02
409 4.090000e+02 4.090000e+02
410 4.100000e+02 4.100000e+02
411 4.110000e+02 4.110000e+02
412 4.120000e+02 4.120000e+02
413 4.130000e+02 4.130000e+02
414 4.140000e+02 4.140000e+02
415 4.150000e+02 4.150000e+02
416 4.160000e+02 4.160000e+02
417 4.170000e+02 4.170000e+02
418 4.180000e+02 4.180000e+02
419 4.190000e+02 4.190000e+02
420 4.200000e+02 4.200000e+02
421 4.210000e+02 4.210000e+02
422 4.220000e+02 4.220000e+02
423 4.230000e+02 4.230000e+02
424 4.240000e+02 4.240000e+02
425 4.250000e+02 4.250000e+02
426 4.260000e+02 4.260000e+02
427 4.270000e+02 4.270000e+02
428 4.280000e+02 4.280000e+02
429 4.290000e+02 4.290000e+02
430 4.300000e+02 4.300000e+02
431 4.310000e+02 4.310000e+02
432 4.320000e+02 4.320000e+02
433 4.330000e+02 4.330000e+02
434 4.340000e+02 4.340000e+02
435 4.350000e+02 4.350000e+02
436 4.360000e+02 4.360000e+02
437 4.370000e+02 4.370000e+02
438 4.380000e+02 4.380000e+02
439 4.390000e+02 4.390000e+02
440 4.400000e+02 4.400000e+02
441 4.410000e+02 4.410000e+02
442 4.420000e+02 4.420000e+02
443 4.430000e+02 4.430000e+02
444 4.440000e+02 4.440000e+02
445 4.450000e+02 4.450000e+02
446 4.460000e+02 4.460000e+02
447 4.470000e+02 4.470000e+02
448 4.480000e+02 4.480000e+02
449 4.490000e+02 4.490000e+02
450 4.500000e+02 4.500000e+02
451 4.510000e+02 4.510000e+02
452 4.520000e+02 4.520000e+02
453 4.530000e+02 4.530000e+02
454 4.540000e+02 4.540000e+02
455 4.550000e+02 4.550000e+02
456 4.560000e+02 4.560000e+02
457 4.570000e+02 4.570000e+02
458 4.580000e+02 4.580000e+02
459 4.590000e+02 4.590000e+02
460 4.600000e+02 4.600000e+02
461 4.610000e+02 4.610000e+02
462 4.620000e+02 4.620000e+02
463 4.630000e+02 4.630000e+02
464 4.640000e+02 4.640000e+02
465 4.650000e+02 4.650000e+02
466 4.660000e+02 4.660000e+02
467 4.670000e+02 4.670000e+02
468 4.680000e+02 4.680000e+02
469 4.690000e+02 4.690000e+02
470 4.700000e+02 4.700000e+02
471 4.710000e+02 4.710000e+02
472 4.720000e+02 4.720000e+02
473 4.730000e+02 4.730000e+02
474 4.740000e+02 4.740000e+02
475 4.750000e+02 4.750000e+02
476 4.760000e+02 4.760000e+02
477 4.770000e+02 4.770000e+02
478 4.780000e+02 4.780000e+02
479 4.790000e+02 4.790000e+02
480 4.800000e+02 4.800000e+02
481 4.810000e+02 4.810000e+02
482 4.820000e+02 4.820000e+02
483 4.830000e+02 4.830000e+02
484 4.840000e+02 4.840000e+02
485 4.850000e+02 4.850000e+02
486 4.860000e+02 4.860000e+02
487 4.870000e+02 4.870000e+02
488 4.880000e+02 4.880000e+02
489 4.890000e+02 4.890000e+02
490 4.900000e+02 4.900000e+02
491 4.910000e+02 4.910000e+02
492 4.920000e+02 4.920000e+02
493 4.930000e+02 4.930000e+02
494 4.940000e+02 4.940000e+02
495 4.950000e+02 4.950000e+02
496 4.960000e+02 4.960000e+02
497 4.970000e+02 4.970000e+02
498 4.980000e+02 4.980000e+02
499 4.990000e+02 4.990000e+02
500 5.000000e+02 5.000000e+02
501 5.010000e+02 5.010000e+02
502 5.020000e+02 5.020000e+02
503 5.030000e+02 5.030000e+02
504 5.040000e+02 5.040000e+02
505 5.050000e+02 5.050000e+02
506 5.060000e+02 5.060000e+02
507 5.070000e+02 5.070000e+02
508 5.080000e+02 5.080000e+02
509 5.090000e+02 5.090000e+02
510 5.100000e+02 5.100000e+02
511 5.110000e+02 5.110000e+02
512 5.120000e+02 5.120000e+02
513 5.130000e+02 5.130000e+02
514 5.140000e+02 5.140000e+02
515 5.150000e+02 5.150000e+02
516 5.160000e+02 5.160000e+02
517 5.170000e+02 5.170000e+02
518 5.180000e+02 5.180000e+02
519 5.190000e+02 5.190000e+02
520 5.200000e+02 5.200000e+02
521 5.210000e+02 5.210000e+02
522 5.220000e+02 5.220000e+02
523 5.230000e+02 5.230000e+02
524 5.240000e+02 5.240000e+02
525 5.250000e+02 5.250000e+02
526 5.260000e+02 5.260000e+02
527 5.270000e+02 5.270000e+02
528 5.280000e+02 5.280000e+02
529 5.290000e+02 5.290000e+02
530 5.300000e+02 5.300000e+02
531 5.310000e+02 5.310000e+02
532 5.320000e+02 5.320000e+02
533 5.330000e+02 5.330000e+02
534 5.340000e+02 5.340000e+02
535 5.350000e+02 5.350000e+02
536 5.360000e+02 5.360000e+02
537 5.370000e+02 5.370000e+02
538 5.380000e+02 5.380000e+02
539 5.390000e+02 5.390000e+02
540 5.400000e+02 5.400000e+02
541 5.410000e+02 5.410000e+02
542 5.420000e+02 5.420000e+02
543 5.430000e+02 5.430000e+02
544 5.440000e+02 5.440000e+02
545 5.450000e+02 5.450000e+02
546 5.460000e+02 5.460000e+02
547 5.470000e+02 5.470000e+02
548 5.480000e+02 5.480000e+02
549 5.490000e+02 5.490000e+02
550 5.500000e+02 5.500000e+02
551 5.510000e+02 5.510000e+02
552 5.520000e+02 5.520000e+02
553 5.530000e+02 5.530000e+02
554 5.540000e+02 5.540000e+02
555 5.550000e+02 5.550000e+02
556 5.560000e+02 5.560000e+02
557 5.570000e+02 5.570000e+02
558 5.580000e+02 5.580000e+02
559 5.590000e+02 5.590000e+02
560 5.600000e+02 5.600000e+02
561 5.610000e+02 5.610000e+02
562 5.620000e+02 5.620000e+02
563 5.630000e+02 5.630000e+02
564 5.640000e+02 5.640000e+02
565 5.650000e+02 5.650000e+02
566 5.660000e+02 5.660000e+02
567 5.670000e+02 5.670000e+02
568 5.680000e+02 5.680000e+02
569 5.690000e+02 5.690000e+02
570 5.700000e+02 5.700000e+02
571 5.710000e+02 5.710000e+02
572 5.720000e+02 5.720000e+02
573 5.730000e+02 5.730000e+02
574 5.740000e+02 5.740000e+02
575 5.750000e+02 5.750000e+02
576 5.760000e+02 5.760000e+02
577 5.770000e+02 5.770000e+02
578 5.780000e+02 5.780000e+02
579 5.790000e+02 5.790000e+02
580 5.800000e+02 5.800000e+02
581 5.810000e+02 5.810000e+02
582 5.820000e+02 5.820000e+02
583 5.830000e+02 5.830000e+02
584 5.840000e+02 5.840000e+02
585 5.850000e+02 5.850000e+02
586 5.860000e+02 5.860000e+02
587 5.870000e+02 5.870000e+02
588 5.880000e+02 5.880000e+02
589 5.890000e+02 5.890000e+02
590 5.900000e+02 5.900000e+02
591 5.910000e+02 5.910000e+02
592 5.920000e+02 5.920000e+02
593 5.930000e+02 5.930000e+02
594 5.940000e+02 5.940000e+02
595 5.950000e+02 5.950000e+02
596 5.960000e+02 5.960000e+02
597 5.970000e+02 5.970000e+02
598 5.980000e+02 5.980000e+02
599 5.990000e+02 5.990000e+02
600 6.000000e+02 6.000000e+02
601 6.010000e+02 6.010000e+02
602 6.020000e+02 6.020000e+02
603 6.030000e+02 6.030000e+02
604 6.040000e+02 6.040000e+02
605 6.050000e+02 6.050000e+02
606 6.060000e+02 6.060000e+02
607 6.070000e+02 6.070000e+02
608 6.080000e+02 6.080000e+02
609 6.090000e+02 6.090000e+02
610 6.100000e+02 6.100000e+02
611 6.110000e+02 6.110000e+02
612 6.120000e+02 6.120000e+02
613 6.130000e+02 6.130000e+02
614 6.140000e+02 6.140000e+02
615 6.150000e+02 6.150000e+02
616 6.160000e+02 6.160000e+02
617 6.170000e+02 6.170000e+02
618 6.180000e+02 6.180000e+02
619 6.190000e+02 6.190000e+02
620 6.200000e+02 6.200000e+02
621 6.210000e+02 6.210000e+02
622 6.220000e+02 6.220000e+02
623 6.230000e+02 6.230000e+02
624 6.240000e+02 6.240000e+02
625 6.250000e+02 6.250000e+02
626 6.260000e+02 6.260000e+02
627 6.270000e+02 6.270000e+02
628 6.280000e+02 6.280000e+02
629 6.290000e+02 6.290000e+02
630 6.300000e+02 6.300000e+02
631 6.310000e+02 6.310000e+02
632 6.320000e+02 6.320000e+02
633 6.330000e+02 6.330000e+02
634 6.340000e+02 6.340000e+02
635 6.350000e+02 6.350000e+02
636 6.360000e+02 6.360000e+02
637 6.370000e+02 6.370000e+02
638 6.380000e+02 6.380000e+02
639 6.390000e+02 6.390000e+02
640 6.400000e+02 6.400000e+02
641 6.410000e+02 6.410000e+02
642 6.420000e+02 6.420000e+02
643 6.430000e+02 6.430000e+02
644 6.440000e+02 6.440000e+02
645 6.450000e+02 6.450000e+02
646 6.460000e+02 6.460000e+02
647 6.470000e+02 6.470000e+02
648 6.480000e+02 6.480000e+02
649 6.490000e+02 6.490000e+02
650 6.500000e+02 6.500000e+02
651 6.510000e+02 6.510000e+02
652 6.520000e+02 6.520000e+02
653 6.530000e+02 6.530000e+02
654 6.540000e+02 6.540000e+02
655 6.550000e+02 6.550000e+02
656 6.560000e+02 6.560000e+02
657 6.570000e+02 6.570000e+02
658 6.580000e+02 6.580000e+02
659 6.590000e+02 6.590000e+02
660 6.600000e+02 6.600000e+02
661 6.610000e+02 6.610000e+02
662 6.620000e+02 6.620000e+02
663 6.630000e+02 6.630000e+02
664 6.640000e+02 6.640000e+02
665 6.650000e+02 6.650000e+02
666 6.660000e+02 6.660000e+02
667 6.670000e+02 6.670000e+02
668 6.680000e+02 6.680000e+02
669 6.690000e+02 6.690000e+02
670 6.700000e+02 6.700000e+02
671 6.710000e+02 6.710000e+02
672 6.720000e+02 6.720000e+02
673 6.730000e+02 6.730000e+02
674 6.740000e+02 6.740000e+02
675 6.750000e+02 6.750000e+02
676 6.760000e+02 6.760000e+02
677 6.770000e+02 6.770000e+02
678 6.780000e+02 6.780000e+02
679 6.790000e+02 6.790000e+02
680 6.800000e+02 6.800000e+02
681 6.810000e+02 6.810000e+02
682 6.820000e+02 6.820000e+02
683 6.830000e+02 6.830000e+02
684 6.840000e+02 6.840000e+02
685 6.850000e+02 6.850000e+02
686 6.860000e+02 6.860000e+02
687 6.870000e+02 6.870000e+02
688 6.880000e+02 6.880000e+02
689 6.890000e+02 6.890000e+02
690 6.900000e+02 6.900000e+02
691 6.910000e+02 6.910000e+02
692 6.920000e+02 6.920000e+02
693 6.930000e+02 6.930000e+02
694 6.940000e+02 6.940000e+02
695 6.950000e+02 6.950000e+02
696 6.960000e+02 6.960000e+02
697 6.970000e+02 6.970000e+02
698 6.980000e+02 6.980000e+02
699 6.990000e+02 6.990000e+02
700 7.000000e+02 7.000000e+02
701 7.010000e+02 7.010000e+02
702 7.020000e+02 7.020000e+02
703 7.030000e+02 7.030000e+02
704 7.040000e+02 7.040000e+02
705 7.050000e+02 7.050000e+02
706 7.060000e+02 7.060000e+02
707 7.070000e+02 7.070000e+02
708 7.080000e+02 7.080000e+02
709 7.090000e+02 7.090000e+02
710 7.100000e+02 7.100000e+02
711 7.110000e+02 7.110000e+02
712 7.120000e+02 7.120000e+02
713 7.130000e+02 7.130000e+02
714 7.140000e+02 7.140000e+02
715 7.150000e+02 7.150000e+02
716 7.160000e+02 7.160000e+02
717 7.170000e+02 7.170000e+02
718 7.180000e+02 7.180000e+02
719 7.190000e+02 7.190000e+02
720 7.200000e+02 7.200000e+02
721 7.210000e+02 7.210000e+02
722 7.220000e+02 7.220000e+02
723 7.230000e+02 7.230000e+02
724 7.240000e+02 7.240000e+02
725 7.250000e+02 7.250000e+02
726 7.260000e+02 7.260000e+02
727 7.270000e+02 7.270000e+02
728 7.280000e+02 7.280000e+02
729 7.290000e+02 7.290000e+02
730 7.300000e+02 7.300000e+02
731 7.310000e+02 7.310000e+02
732 7.320000e+02 7.320000e+02
733 7.330000e+02 7.330000e+02
734 7.340000e+02 7.340000e+02
735 7.350000e+02 7.350000e+02
736 7.360000e+02 7.360000e+02
737 7.370000e+02 7.370000e+02
738 7.380000e+02 7.380000e+02
739 7.390000e+02 7.390000e+02
740 7.400000e+02 7.400000e+02
741 7.410000e+02 7.410000e+02
742 7.420000e+02 7.420000e+02
743 7.430000e+02 7.430000e+02
744 7.440000e+02 7.440000e+02
745 7.450000e+02 7.450000e+02
746 7.460000e+02 7.460000e+02
747 7.470000e+02 7.470000e+02
748 7.480000e+02 7.480000e+02
749 7.490000e+02 7.490000e+02
750 7.500000e+02 7.500000e+02
751 7.510000e+02 7.510000e+02
752 7.520000e+02 7.520000e+02
753 7.530000e+02 7.530000e+02
754 7.540000e+02 7.540000e+02
755 7.550000e+02 7.550000e+02
756 7.560000e+02 7.560000e+02
757 7.570000e+02 7.570000e+02
758 7.580000e+02 7.580000e+02
759 7.590000e+02 7.590000e+02
760 7.600000e+02 7.600000e+02
761 7.610000e+02 7.610000e+02
762 7.620000e+02 7.620000e+02
763 7.630000e+02 7.630000e+02
764 7.640000e+02 7.640000e+02
765 7.650000e+02 7.650000e+02
766 7.660000e+02 7.660000e+02
767 7.670000e+02 7.670000e+02
768 7.680000e+02 7.680000e+02
769 7.690000e+02 7.690000e+02
770 7.700000e+02 7.700000e+02
771 7.710000e+02 7.710000e+02
772 7.720000e+02 7.720000e+02
773 7.730000e+02 7.730000e+02
774 7.740000e+02 7.740000e+02
775 7.750000e+02 7.750000e+02
776 7.760000e+02 7.760000e+02
777 7.770000e+02 7.770000e+02
778 7.780000e+02 7.780000e+02
779 7.790000e+02 7.790000e+02
780 7.800000e+02 7.800000e+02
781 7.810000e+02 7.810000e+02
782 7.820000e+02 7.820000e+02
783 7.830000e+02 7.830000e+02
784 7.840000e+02 7.840000e+02
785 7.850000e+02 7.850000e+02
786 7.860000e+02 7.860000e+02
787 7.870000e+02 7.870000e+02
788 7.880000e+02 7.880000e+02
789 7.890000e+02 7.890000e+02
790 7.900000e+02 7.900000e+02
791 7.910000e+02 7.910000e+02
792 7.920000e+02 7.920000e+02
793 7.930000e+02 7.930000e+02
794 7.940000e+02 7.940000e+02
795 7.950000e+02 7.950000e+02
796 7.960000e+02 7.960000e+02
797 7.970000e+02 7.970000e+02
798 7.980000e+02 7.980000e+02
799 7.990000e+02 7.990000e+02
800 8.000000e+02 8.000000e+02
801 8.010000e+02 8.010000e+02
802 8.020000e+02 8.020000e+02
803 8.030000e+02 8.030000e+02
804 8.040000e+02 8.040000e+02
805 8.050000e+02 8.050000e+02
806 8.060000e+02 8.060000e+02
807 8.070000e+02 8.070000e+02
808 8.080000e+02 8.080000e+02
809 8.090000e+02 8.090000e+02
810 8.100000e+02 8.100000e+02
811 8.110000e+02 8.110000e+02
812 8.120000e+02 8.120000e+02
813 8.130000e+02 8.130000e+02
814 8.140000e+02 8.140000e+02
815 8.150000e+02 8.150000e+02
816 8.160000e+02 8.160000e+02
817 8.170000e+02 8.170000e+02
818 8.180000e+02 8.180000e+02
819 8.190000e+02 8.190000e+02
820 8.200000e+02 8.200000e+02
821 8.210000e+02 8.210000e+02
822 8.220000e+02 8.220000e+02
823 8.230000e+02 8.230000e+02
824 8.240000e+02 8.240000e+02
825 8.250000e+02 8.250000e+02
826 8.260000e+02 8.260000e+02
827 8.270000e+02 8.270000e+02
828 8.280000e+02 8.280000e+02
829 8.290000e+02 8.290000e+02
830 8.300000e+02 8.300000e+02
831 8.310000e+02 8.310000e+02
832 8.320000e+02 8.320000e+02
833 8.330000e+02 8.330000e+02
834 8.340000e+02 8.340000e+02
835 8.350000e+02 8.350000e+02
836 8.360000e+02 8.360000e+02
837 8.370000e+02 8.370000e+02
838 8.380000e+02 8.380000e+02
839 8.390000e+02 8.390000e+02
840 8.400000e+02 8.400000e+02
841 8.410000e+02 8.410000e+02
842 8.420000e+02 8.420000e+02
843 8.430000e+02 8.430000e+02
844 8.440000e+02 8.440000e+02
845 8.450000e+02 8.450000e+02
846 8.460000e+02 8.460000e+02
847 8.470000e+02 8.470000e+02
848 8.480000e+02 8.480000e+02
849 8.490000e+02 8.490000e+02
850 8.500000e+02 8.500000e+02
851 8.510000e+02 8.510000e+02
852 8.520000e+02 8.520000e+02
853 8.530000e+02 8.530000e+02
854 8.540000e+02 8.540000e+02
855 8.550000e+02 8.550000e+02
856 8.560000e+02 8.560000e+02
857 8.570000e+02 8.570000e+02
858 8.580000e+02 8.580000e+02
859 8.590000e+02 8.590000e+02
860 8.600000e+02 8.600000e+02
861 8.610000e+02 8.610000e+02
862 8.620000e+02 8.620000e+02
863 8.630000e+02 8.630000e+02
864 8.640000e+02 8.640000e+02
865 8.650000e+02 8.650000e+02
866 8.660000e+02 8.660000e+02
867 8.670000e+02 8.670000e+02
868 8.680000e+02 8.680000e+02
869 8.690000e+02 8.690000e+02
870 8.700000e+02 8.700000e+02
871 8.710000e+02 8.710000e+02
872 8.720000e+02 8.720000e+02
873 8.730000e+02 8.730000e+02
874 8.740000e+02 8.740000e+02
875 8.750000e+02 8.750000e+02
876 8.760000e+02 8.760000e+02
877 8.770000e+02 8.770000e+02
878 8.780000e+02 8.780000e+02
879 8.790000e+02 8.790000e+02
880 8.800000e+02 8.800000e+02
881 8.810000e+02 8.810000e+02
882 8.820000e+02 8.820000e+02
883 8.830000e+02 8.830000e+02
884 8.840000e+02 8.840000e+02
885 8.850000e+02 8.850000e+02
886 8.860000e+02 8.860000e+02
887 8.870000e+02 8.870000e+02
888 8.880000e+02 8.880000e+02
889 8.890000e+02 8.890000e+02
890 8.900000e+02 8.900000e+02
891 8.910000e+02 8.910000e+02
892 8.920000e+02 8.920000e+02
893 8.930000e+02 8.930000e+02
894 8.940000e+02 8.940000e+02
895 8.950000e+02 8.950000e+02
896 8.960000e+02 8.960000e+02
897 8.970000e+02 8.970000e+02
898 8.980000e+02 8.980000e+02
899 8.990000e+02 8.990000e+02
900 9.000000e+02 9.000000e+02
901 9.010000e+02 9.010000e+02
902 9.020000e+02 9.020000e+02
903 9.030000e+02 9.030000e+02
904 9.040000e+02 9.040000e+02
905 9.050000e+02 9.050000e+02
906 9.060000e+02 9.060000e+02
907 9.070000e+02 9.070000e+02
908 9.080000e+02 9.080000e+02
909 9.090000e+02 9.090000e+02
910 9.100000e+02 9.100000e+02
911 9.110000e+02 9.110000e+02
912 9.120000e+02 9.120000e+02
913 9.130000e+02 9.130000e+02
914 9.140000e+02 9.140000e+02
915 9.150000e+02 9.150000e+02
916 9.160000e+02 9.160000e+02
917 9.170000e+02 9.170000e+02
918 9.180000e+02 9.180000e+02
919 9.190000e+02 9.190000e+02
920 9.200000e+02 9.200000e+02
921 9.210000e+02 9.210000e+02
922 9.220000e+02 9.220000e+02
923 9.230000e+02 9.230000e+02
924 9.240000e+02 9.240000e+02
925 9.250000e+02 9.250000e+02
926 9.260000e+02 9.260000e+02
927 9.270000e+02 9.270000e+02
928 9.280000e+02 9.280000e+02
929 9.290000e+02 9.290000e+02
930 9.300000e+02 9.300000e+02
931 9.310000e+02 9.310000e+02
932 9.320000e+02 9.320000e+02
933 9.330000e+02 9.330000e+02
934 9.340000e+02 9.340000e+02
935 9.350000e+02 9.350000e+02
936 9.360000e+02 9.360000e+02
937 9.370000e+02 9.370000e+02
938 9.380000e+02 9.380000e+02
939 9.390000e+02 9.390000e+02
940 9.400000e+02 9.400000e+02
941 9.410000e+02 9.410000e+02
942 9.420000e+02 9.420000e+02
943 9.430000e+02 9.430000e+02
944 9.440000e+02 9.440000e+02
945 9.450000e+02 9.450000e+02
946 9.460000e+02 9.460000e+02
947 9.470000e+02 9.470000e+02
948 9.480000e+02 9.480000e+02
949 9.490000e+02 9.490000e+02
950 9.500000e+02 9.500000e+02
951 9.510000e+02 9.510000e+02
952 9.520000e+02 9.520000e+02
953 9.530000e+02 9.530000e+02
954 9.540000e+02 9.540000e+02
955 9.550000e+02 9.550000e+02
956 9.560000e+02 9.560000e+02
957 9.570000e+02 9.570000e+02
958 9.580000e+02 9.580000e+02
959 9.590000e+02 9.590000e+02
960 9.600000e+02 9.600000e+02
961 9.610000e+02 9.610000e+02
962 9.620000e+02 9.620000e+02
963 9.630000e+02 9.630000e+02
964 9.640000e+02 9.640000e+02
965 9.650000e+02 9.650000e+02
966 9.660000e+02 9.660000e+02
967 9.670000e+02 9.670000e+02
968 9.680000e+02 9.680000e+02
969 9.690000e+02 9.690000e+02
970 9.700000e+02 9.700000e+02
971 9.710000e+02 9.710000e+02
972 9.720000e+02 9.720000e+02
973 9.730000e+02 9.730000e+02
974 9.740000e+02 9.740000e+02
975 9.750000e+02 9.750000e+02
976 9.760000e+02 9.760000e+02
977 9.770000e+02 9.770000e+02
978 9.780000e+02 9.780000e+02
979 9.790000e+02 9.790000e+02
980 9.800000e+02 9.800000e+02
981 9.810000e+02 9.810000e+02
982 9.820000e+02 9.820000e+02
983 9.830000e+02 9.830000e+02
984 9.840000e+02 9.840000e+02
985 9.850000e+02 9.850000e+02
986 9.860000e+02 9.860000e+02
987 9.870000e+02 9.870000e+02
988 9.880000e+02 9.880000e+02
989 9.890000e+02 9.890000e+02
990 9.900000e+02 9.900000e+02
991 9.910000e+02 9.910000e+02
992 9.920000e+02 9.920000e+02
993 9.930000e+02 9.930000e+02
994 9.940000e+02 9.940000e+02
995 9.950000e+02 9.950000e+02
996 9.960000e+02 9.960000e+02
997 9.970000e+02 9.970000e+02
998 9.980000e+02 9.980000e+02
999 9.990000e+02 9.990000e+02
1000 1.000000e+03 1.000000e+03
1001 1.001000e+03 1.001000e+03
1002 1.002000e+03 1.002000e+03
1003 1.003000e+03 1.003000e+03
1004 1.004000e+03 1.004000e+03
1005 1.005000e+03 1.005000e+03
1006 1.006000e+03 1.006000e+03
1007 1.007000e+03 1.007000e+03
1008 1.008000e+03 1.008000e+03
1009 1.009000e+03 1.009000e+03
1010 1.010000e+03 1.010000e+03
1011 1.011000e+03 1.011000e+03
1012 1.012000e+03 1.012000e+03
1013 1.013000e+03 1.013000e+03
1014 1.014000e+03 1.014000e+03
1015 1.015000e+03 1.015000e+03
1016 1.016000e+03 1.016000e+03
1017 1.017000e+03 1.017000e+03
1018 1.018000e+03 1.018000e+03
1019 1.019000e+03 1.019000e+03
1020 1.020000e+03 1.020000e+03
1021 1.021000e+03 1.021000e+03
1022 1.022000e+03 1.022000e+03
1023 1.023000e+03 1.023000e+03
1024 1.024000e+03 1.024000e+03
1025 1.025000e+03 1.025000e+03
1026 1.026000e+03 1.026000e+03
1027 1.027000e+03 1.027000e+03
1028 1.028000e+03 1.028000e+03
1029 1.029000e+03 1.029000e+03
1030 1.030000e+03 1.030000e+03
1031 1.031000e+03 1.031000e+03
1032 1.032000e+03 1.032000e+03
1033 1.033000e+03 1.033000e+03
1034 1.034000e+03 1.034000e+03
1035 1.035000e+03 1.035000e+03
1036 1.036000e+03 1.036000e+03
1037 1.037000e+03 1.037000e+03
1038 1.038000e+03 1.038000e+03
1039 1.039000e+03 1.039000e+03
1040 1.040000e+03 1.040000e+03
1041 1.041000e+03 1.041000e+03
1042 1.042000e+03 1.042000e+03
1043 1.043000e+03 1.043000e+03
1044 1.044000e+03 1.044000e+03
1045 1.045000e+03 1.045000e+03
1046 1.046000e+03 1.046000e+03
1047 1.047000e+03 1.047000e+03
1048 1.048000e+03 1.048000e+03
1049 1.049000e+03 1.049000e+03
1050 1.050000e+03 1.050000e+03
1051 1.051000e+03 1.051000e+03
1052 1.052000e+03 1.052000e+03
1053 1.053000e+03 1.053000e+03
1054 1.054000e+03 1.054000e+03
1055 1.055000e+03 1.055000e+03
1056 1.056000e+03 1.056000e+03
1057 1.057000e+03 1.057000e+03
1058 1.058000e+03 1.058000e+03
1059 1.059000e+03 1.059000e+03
1060 1.060000e+03 1.060000e+03
1061 1.061000e+03 1.061000e+03
1062 1.062000e+03 1.062000e+03
1063 1.063000e+03 1.063000e+03
1064 1.064000e+03 1.064000e+03
1065 1.065000e+03 1.065000e+03
1066 1.066000e+03 1.066000e+03
1067 1.067000e+03 1.067000e+03
1068 1.068000e+03 1.068000e+03
1069 1.069000e+03 1.069000e+03
1070 1.070000e+03 1.070000e+03
1071 1.071000e+03 1.071000e+03
1072 1.072000e+03 1.072000e+03
1073 1.073000e+03 1.073000e+03
1074 1.074000e+03 1.074000e+03
1075 1.075000e+03 1.075000e+03
1076 1.076000e+03 1.076000e+03
1077 1.077000e+03 1.077000e+03
1078 1.078000e+03 1.078000e+03
1079 1.079000e+03 1.079000e+03
1080 1.080000e+03 1.080000e+03
1081 1.081000e+03 1.081000e+03
1082 1.082000e+03 1.082000e+03
1083 1.083000e+03 1.083000e+03
1084 1.084000e+03 1.084000e+03
1085 1.085000e+03 1.085000e+03
1086 1.086000e+03 1.086000e+03
1087 1.087000e+03 1.087000e+03
1088 1.088000e+03 1.088000e+03
1089 1.089000e+03 1.089000e+03
1090 1.090000e+03 1.090000e+03
1091 1.091000e+03 1.091000e+03
1092 1.092000e+03 1.092000e+03
1093 1.093000e+03 1.093000e+03
1094 1.094000e+03 1.094000e+03
1095 1.095000e+03 1.095000e+03
1096 1.096000e+03 1.096000e+03
1097 1.097000e+03 1.097000e+03
1098 1.098000e+03 1.098000e+03
1099 1.099000e+03 1.099000e+03
1100 1.100000e+03 1.100000e+03
1101 1.101000e+03 1.101000e+03
1102 1.102000e+03 1.102000e+03
1103 1.103000e+03 1.103000e+03
1104 1.104000e+03 1.104000e+03
1105 1.105000e+03 1.105000e+03
1106 1.106000e+03 1.106000e+03
1107 1.107000e+03 1.107000e+03
1108 1.108000e+03 1.108000e+03
1109 1.109000e+03 1.109000e+03
1110 1.110000e+03 1.110000e+03
1111 1.111000e+03 1.111000e+03
1112 1.112000e+03 1.112000e+03
1113 1.113000e+03 1.113000e+03
1114 1.114000e+03 1.114000e+03
1115 1.115000e+03 1.115000e+03
1116 1.116000e+03 1.116000e+03
1117 1.117000e+03 1.117000e+03
1118 1.118000e+03 1.118000e+03
1119 1.119000e+03 1.119000e+03
1120 1.120000e+03 1.120000e+03
1121 1.121000e+03 1.121000e+03
1122 1.122000e+03 1.122000e+03
1123 1.123000e+03 1.123000e+03
1124 1.124000e+03 1.124000e+03
1125 1.125000e+03 1.125000e+03
1126 1.126000e+03 1.126000e+03
1127 1.127000e+03 1.127000e+03
1128 1.128000e+03 1.128000e+03
1129 1.129000e+03 1.129000e+03
1130 1.130000e+03 1.130000e+03
1131 1.131000e+03 1.131000e+03
1132 1.132000e+03 1.132000e+03
1133 1.133000e+03 1.133000e+03
1134 1.134000e+03 1.134000e+03
1135 1.135000e+03 1.135000e+03
1136 1.136000e+03 1.136000e+03
1137 1.137000e+03 1.137000e+03
1138 1.138000e+03 1.138000e+03
1139 1.139000e+03 1.139000e+03
1140 1.140000e+03 1.140000e+03
1141 1.141000e+03 1.141000e+03
1142 1.142000e+03 1.142000e+03
1143 1.143000e+03 1.143000e+03
1144 1.144000e+03 1.144000e+03
1145 1.145000e+03 1.145000e+03
1146 1.146000e+03 1.146000e+03
1147 1.147000e+03 1.147000e+03
1148 1.148000e+03 1.148000e+03
1149 1.149000e+03 1.149000e+03
1150 1.150000e+03 1.150000e+03
1151 1.151000e+03 1.151000e+03
1152 1.152000e+03 1.152000e+03
1153 1.153000e+03 1.153000e+03
1154 1.154000e+03 1.154000e+03
1155 1.155000e+03 1.155000e+03
1156 1.156000e+03 1.156000e+03
1157 1.157000e+03 1.157000e+03
1158 1.158000e+03 1.158000e+03
1159 1.159000e+03 1.159000e+03
1160 1.160000e+03 1.160000e+03
1161 1.161000e+03 1.161000e+03
1162 1.162000e+03 1.162000e+03
1163 1.163000e+03 1.163000e+03
1164 1.164000e+03 1.164000e+03
1165 1.165000e+03 1.165000e+03
1166 1.166000e+03 1.166000e+03
1167 1.167000e+03 1.167000e+03
1168 1.168000e+03 1.168000e+03
1169 1.169000e+03 1.169000e+03
1170 1.170000e+03 1.170000e+03
1171 1.171000e+03 1.171000e+03
1172 1.172000e+03 1.172000e+03
1173 1.173000e+03 1.173000e+03
1174 1.174000e+03 1.174000e+03
1175 1.175000e+03 1.175000e+03
1176 1.176000e+03 1.176000e+03
1177 1.177000e+03 1.177000e+03
1178 1.178000e+03 1.178000e+03
1179 1.179000e+03 1.179000e+03
1180 1.180000e+03 1.180000e+03
1181 1.181000e+03 1.181000e+03
1182 1.182000e+03 1.182000e+03
1183 1.183000e+03 1.183000e+03
1184 1.184000e+03 1.184000e+03
1185 1.185000e+03 1.185000e+03
1186 1.186000e+03 1.186000e+03
1187 1.187000e+03 1.187000e+03
1188 1.188000e+03 1.188000e+03
1189 1.189000e+03 1.189000e+03
1190 1.190000e+03 1.190000e+03
1191 1.191000e+03 1.191000e+03
1192 1.192000e+03 1.192000e+03
1193 1.193000e+03 1.193000e+03
1194 1.194000e+03 1.194000e+03
1195 1.195000e+03 1.195000e+03
1196 1.196000e+03 1.196000e+03
1197 1.197000e+03 1.197000e+03
1198 1.198000e+03 1.198000e+03
1199 1.199000e+03 1.199000e+03
1200 1.200000e+03 1.200000e+03
1201 1.201000e+03 1.201000e+03
1202 1.202000e+03 1.202000e+03
1203 1.203000e+03 1.203000e+03
1204 1.204000e+03 1.204000e+03
1205 1.205000e+03 1.205000e+03
1206 1.206000e+03 1.206000e+03
1207 1.207000e+03 1.207000e+03
1208 1.208000e+03 1.208000e+03
1209 1.209000e+03 1.209000e+03
1210 1.210000e+03 1.210000e+03
1211 1.211000e+03 1.211000e+03
1212 1.212000e+03 1.212000e+03
1213 1.213000e+03 1.213000e+03
1214 1.214000e+03 1.214000e+03
1215 1.215000e+03 1.215000e+03
1216 1.216000e+03 1.216000e+03
1217 1.217000e+03 1.217000e+03
1218 1.218000e+03 1.218000e+03
1219 1.219000e+03 1.219000e+03
1220 1.220000e+03 1.220000e+03
1221 1.221000e+03 1.221000e+03
1222 1.222000e+03 1.222000e+03
1223 1.223000e+03 1.223000e+03
1224 1.224000e+03 1.224000e+03
1225 1.225000e+03 1.225000e+03
1226 1.226000e+03 1.226000e+03
1227 1.227000e+03 1.227000e+03
1228 1.228000e+03 1.228000e+03
1229 1.229000e+03 1.229000e+03
1230 1.230000e+03 1.230000e+03
1231 1.231000e+03 1.231000e+03
1232 1.232000e+03 1.232000e+03
1233 1.233000e+03 1.233000e+03
1234 1.234000e+03 1.234000e+03
1235 1.235000e+03 1.235000e+03
1236 1.236000e+03 1.236000e+03
1237 1.237000e+03 1.237000e+03
1238 1.238000e+03 1.238000e+03
1239 1.239000e+03 1.239000e+03
1240 1.240000e+03 1.240000e+03
1241 1.241000e+03 1.241000e+03
1242 1.242000e+03 1.242000e+03
1243 1.243000e+03 1.243000e+03
1244 1.244000e+03 1.244000e+03
1245 1.245000e+03 1.245000e+03
1246 1.246000e+03 1.246000e+03
1247 1.247000e+03 1.247000e+03
1248 1.248000e+03 1.248000e+03
1249 1.249000e+03 1.249000e+03
1250 1.250000e+03 1.250000e+03
1251 1.251000e+03 1.251000e+03
1252 1.252000e+03 1.252000e+03
1253 1.253000e+03 1.253000e+03
1254 1.254000e+03 1.254000e+03
1255 1.255000e+03 1.255000e+03
1256 1.256000e+03 1.256000e+03
1257 1.257000e+03 1.257000e+03
1258 1.258000e+03 1.258000e+03
1259 1.259000e+03 1.259000e+03
1260 1.260000e+03 1.260000e+03
1261 1.261000e+03 1.261000e+03
1262 1.262000e+03 1.262000e+03
1263 1.263000e+03 1.263000e+03
1264 1.264000e+03 1.264000e+03
1265 1.265000e+03 1.265000e+03
1266 1.266000e+03 1.266000e+03
1267 1.267000e+03 1.267000e+03
1268 1.268000e+03 1.268000e+03
1269 1.269000e+03 1.269000e+03
1270 1.270000e+03 1.270000e+03
1271 1.271000e+03 1.271000e+03
1272 1.272000e+03 1.272000e+03
1273 1.273000e+03 1.273000e+03
1274 1.274000e+03 1.274000e+03
1275 1.275000e+03 1.275000e+03
1276 1.276000e+03 1.276000e+03
1277 1.277000e+03 1.277000e+03
1278 1.278000e+03 1.278000e+03
1279 1.279000e+03 1.279000e+03
1280 1.280000e+03 1.280000e+03
1281 1.281000e+03 1.281000e+03
1282 1.282000e+03 1.282000e+03
1283 1.283000e+03 1.283000e+03
1284 1.284000e+03 1.284000e+03
1285 1.285000e+03 1.285000e+03
1286 1.286000e+03 1.286000e+03
1287 1.287000e+03 1.287000e+03
1288 1.288000e+03 1.288000e+03
1289 1.289000e+03 1.289000e+03
1290 1.290000e+03 1.290000e+03
1291 1.291000e+03 1.291000e+03
1292 1.292000e+03 1.292000e+03
1293 1.293000e+03 1.293000e+03
1294 1.294000e+03 1.294000e+03
1295 1.295000e+03 1.295000e+03
1296 1.296000e+03 1.296000e+03
1297 1.297000e+03 1.297000e+03
1298 1.298000e+03 1.298000e+03
1299 1.299000e+03 1.299000e+03
1300 1.300000e+03 1.300000e+03
1301 1.301000e+03 1.301000e+03
1302 1.302000e+03 1.302000e+03
1303 1.303000e+03 1.303000e+03
1304 1.304000e+03 1.304000e+03
1305 1.305000e+03 1.305000e+03
1306 1.306000e+03 1.306000e+03
1307 1.307000e+03 1.307000e+03
1308 1.308000e+03 1.308000e+03
1309 1.309000e+03 1.309000e+03
1310 1.310000e+03 1.310000e+03
1311 1.311000e+03 1.311000e+03
1312 1.312000e+03 1.312000e+03
1313 1.313000e+03 1.313000e+03
1314 1.314000e+03 1.314000e+03
1315 1.315000e+03 1.315000e+03
1316 1.316000e+03 1.316000e+03
1317 1.317000e+03 1.317000e+03
1318 1.318000e+03 1.318000e+03
1319 1.319000e+03 1.319000e+03
1320 1.320000e+03 1.320000e+03
1321 1.321000e+03 1.321000e+03
1322 1.322000e+03 1.322000e+03
1323 1.323000e+03 1.323000e+03
1324 1.324000e+03 1.324000e+03
1325 1.325000e+03 1.325000e+03
1326 1.326000e+03 1.326000e+03
1327 1.327000e+03 1.327000e+03
1328 1.328000e+03 1.328000e+03
1329 1.329000e+03 1.329000e+03
1330 1.330000e+03 1.330000e+03
1331 1.331000e+03 1.331000e+03
1332 1.332000e+03 1.332000e+03
1333 1.333000e+03 1.333000e+03
1334 1.334000e+03 1.334000e+03
1335 1.335000e+03 1.335000e+03
1336 1.336000e+03 1.336000e+03
1337 1.337000e+03 1.337000e+03
1338 1.338000e+03 1.338000e+03
1339 1.339000e+03 1.339000e+03
1340 1.340000e+03 1.340000e+03
1341 1.341000e+03 1.341000e+03
1342 1.342000e+03 1.342000e+03
1343 1.343000e+03 1.343000e+03
1344 1.344000e+03 1.344000e+03
1345 1.345000e+03 1.345000e+03
1346 1.346000e+03 1.346000e+03
1347 1.347000e+03 1.347000e+03
1348 1.348000e+03 1.348000e+03
1349 1.349000e+03 1.349000e+03
1350 1.350000e+03 1.350000e+03
1351 1.351000e+03 1.351000e+03
1352 1.352000e+03 1.352000e+03
1353 1.353000e+03 1.353000e+03
1354 1.354000e+03 1.354000e+03
1355 1.355000e+03 1.355000e+03
1356 1.356000e+03 1.356000e+03
1357 1.357000e+03 1.357000e+03
1358 1.358000e+03 1.358000e+03
1359 1.359000e+03 1.359000e+03
1360 1.360000e+03 1.360000e+03
1361 1.361000e+03 1.361000e+03
1362 1.362000e+03 1.362000e+03
1363 1.363000e+03 1.363000e+03
1364 1.364000e+03 1.364000e+03
1365 1.365000e+03 1.365000e+03
1366 1.366000e+03 1.366000e+03
1367 1.367000e+03 1.367000e+03
1368 1.368000e+03 1.368000e+03
1369 1.369000e+03 1.369000e+03
1370 1.370000e+03 1.370000e+03
1371 1.371000e+03 1.371000e+03
1372 1.372000e+03 1.372000e+03
1373 1.373000e+03 1.373000e+03
1374 1.374000e+03 1.374000e+03
1375 1.375000e+03 1.375000e+03
1376 1.376000e+03 1.376000e+03
1377 1.377000e+03 1.377000e+03
1378 1.378000e+03 1.378000e+03
1379 1.379000e+03 1.379000e+03
1380 1.380000e+03 1.380000e+03
1381 1.381000e+03 1.381000e+03
1382 1.382000e+03 1.382000e+03
1383 1.383000e+03 1.383000e+03
1384 1.384000e+03 1.384000e+03
1385 1.385000e+03 1.385000e+03
1386 1.386000e+03 1.386000e+03
1387 1.387000e+03 1.387000e+03
1388 1.388000e+03 1.388000e+03
1389 1.389000e+03 1.389000e+03
1390 1.390000e+03 1.390000e+03
1391 1.391000e+03 1.391000e+03
1392 1.392000e+03 1.392000e+03
1393 1.393000e+03 1.393000e+03
1394 1.394000e+03 1.394000e+03
1395 1.395000e+03 1.395000e+03
1396 1.396000e+03 1.396000e+03
1397 1.397000e+03 1.397000e+03
1398 1.398000e+03 1.398000e+03
1399 1.399000e+03 1.399000e+03
1400 1.400000e+03 1.400000e+03
1401 1.401000e+03 1.401000e+03
1402 1.402000e+03 1.402000e+03
1403 1.403000e+03 1.403000e+03
1404 1.404000e+03 1.404000e+03
1405 1.405000e+03 1.405000e+03
1406 1.406000e+03 1.406000e+03
1407 1.407000e+03 1.407000e+03
1408 1.408000e+03 1.408000e+03
1409 1.409000e+03 1.409000e+03
1410 1.410000e+03 1.410000e+03
1411 1.411000e+03 1.411000e+03
1412 1.412000e+03 1.412000e+03
1413 1.413000e+03 1.413000e+03
1414 1.414000e+03 1.414000e+03
1415 1.415000e+03 1.415000e+03
1416 1.416000e+03 1.416000e+03
1417 1.417000e+03 1.417000e+03
1418 1.418000e+03 1.418000e+03
1419 1.419000e+03 1.419000e+03
1420 1.420000e+03 1.420000e+03
1421 1.421000e+03 1.421000e+03
1422 1.422000e+03 1.422000e+03
1423 1.423000e+03 1.423000e+03
1424 1.424000e+03 1.424000e+03
1425 1.425000e+03 1.425000e+03
1426 1.426000e+03 1.426000e+03
1427 1.427000e+03 1.427000e+03
1428 1.428000e+03 1.428000e+03
1429 1.429000e+03 1.429000e+03
1430 1.430000e+03 1.430000e+03
1431 1.431000e+03 1.431000e+03
1432 1.432000e+03 1.432000e+03
1433 1.433000e+03 1.433000e+03
1434 1.434000e+03 1.434000e+03
1435 1.435000e+03 1.435000e+03
1436 1.436000e+03 1.436000e+03
1437 1.437000e+03 1.437000e+03
1438 1.438000e+03 1.438000e+03
1439 1.439000e+03 1.439000e+03
1440 1.440000e+03 1.440000e+03
1441 1.441000e+03 1.441000e+03
1442 1.442000e+03 1.442000e+03
1443 1.443000e+03 1.443000e+03
1444 1.444000e+03 1.444000e+03
1445 1.445000e+03 1.445000e+03
1446 1.446000e+03 1.446000e+03
1447 1.447000e+03 1.447000e+03
1448 1.448000e+03 1.448000e+03
1449 1.449000e+03 1.449000e+03
1450 1.450000e+03 1.450000e+03
1451 1.451000e+03 1.451000e+03
1452 1.452000e+03 1.452000e+03
1453 1.453000e+03 1.453000e+03
1454 1.454000e+03 1.454000e+03
1455 1.455000e+03 1.455000e+03
1456 1.456000e+03 1.456000e+03
1457 1.457000e+03 1.457000e+03
1458 1.458000e+03 1.458000e+03
1459 1.459000e+03 1.459000e+03
1460 1.460000e+03 1.460000e+03
1461 1.461000e+03 1.461000e+03
1462 1.462000e+03 1.462000e+03
1463 1.463000e+03 1.463000e+03
1464 1.464000e+03 1.464000e+03
1465 1.465000e+03 1.465000e+03
1466 1.466000e+03 1.466000e+03
1467 1.467000e+03 1.467000e+03
1468 1.468000e+03 1.468000e+03
1469 1.469000e+03 1.469000e+03
1470 1.470000e+03 1.470000e+03
1471 1.471000e+03 1.471000e+03
1472 1.472000e+03 1.472000e+03
1473 1.473000e+03 1.473000e+03
1474 1.474000e+03 1.474000e+03
1475 1.475000e+03 1.475000e+03
1476 1.476000e+03 1.476000e+03
1477 1.477000e+03 1.477000e+03
1478 1.478000e+03 1.478000e+03
1479 1.479000e+03 1.479000e+03
1480 1.480000e+03 1.480000e+03
1481 1.481000e+03 1.481000e+03
1482 1.482000e+03 1.482000e+03
1483 1.483000e+03 1.483000e+03
1484 1.484000e+03 1.484000e+03
1485 1.485000e+03 1.485000e+03
1486 1.486000e+03 1.486000e+03
1487 1.487000e+03 1.487000e+03
1488 1.488000e+03 1.488000e+03
1489 1.489000e+03 1.489000e+03
1490 1.490000e+03 1.490000e+03
1491 1.491000e+03 1.491000e+03
1492 1.492000e+03 1.492000e+03
1493 1.493000e+03 1.493000e+03
1494 1.494000e+03 1.494000e+03
1495 1.495000e+03 1.495000e+03
1496 1.496000e+03 1.496000e+03
1497 1.497000e+03 1.497000e+03
1498 1.498000e+03 1.498000e+03
1499 1.499000e+03 1.499000e+03
1500 1.500000e+03 1.500000e+03
1501 1.501000e+03 1.501000e+03
1502 1.502000e+03 1.502000e+03
1503 1.503000e+03 1.503000e+03
1504 1.504000e+03 1.504000e+03
1505 1.505000e+03 1.505000e+03
1506 1.506000e+03 1.506000e+03
1507 1.507000e+03 1.507000e+03
1508 1.508000e+03 1.508000e+03
1509 1.509000e+03 1.509000e+03
1510 1.510000e+03 1.510000e+03
1511 1.511000e+03 1.511000e+03
1512 1.512000e+03 1.512000e+03
1513 1.513000e+03 1.513000e+03
1514 1.514000e+03 1.514000e+03
1515 1.515000e+03 1.515000e+03
1516 1.516000e+03 1.516000e+03
1517 1.517000e+03 1.517000e+03
1518 1.518000e+03 1.518000e+03
1519 1.519000e+03 1.519000e+03
1520 1.520000e+03 1.520000e+03
1521 1.521000e+03 1.521000e+03
1522 1.522000e+03 1.522000e+03
1523 1.523000e+03 1.523000e+03
1524 1.524000e+03 1.524000e+03
1525 1.525000e+03 1.525000e+03
1526 1.526000e+03 1.526000e+03
1527 1.527000e+03 1.527000e+03
1528 1.528000e+03 1.528000e+03
1529 1.529000e+03 1.529000e+03
1530 1.530000e+03 1.530000e+03
1531 1.531000e+03 1.531000e+03
1532 1.532000e+03 1.532000e+03
1533 1.533000e+03 1.533000e+03
1534 1.534000e+03 1.534000e+03
1535 1.535000e+03 1.535000e+03
1536 1.536000e+03 1.536000e+03
1537 1.537000e+03 1.537000e+03
1538 1.538000e+03 1.538000e+03
1539 1.539000e+03 1.539000e+03
1540 1.540000e+03 1.540000e+03
1541 1.541000e+03 1.541000e+03
1542 1.542000e+03 1.542000e+03
1543 1.543000e+03 1.543000e+03
1544 1.544000e+03 1.544000e+03
1545 1.545000e+03 1.545000e+03
1546 1.546000e+03 1.546000e+03
1547 1.547000e+03 1.547000e+03
1548 1.548000e+03 1.548000e+03
1549 1.549000e+03 1.549000e+03
1550 1.550000e+03 1.550000e+03
1551 1.551000e+03 1.551000e+03
1552 1.552000e+03 1.552000e+03
1553 1.553000e+03 1.553000e+03
1554 1.554000e+03 1.554000e+03
1555 1.555000e+03 1.555000e+03
1556 1.556000e+03 1.556000e+03
1557 1.557000e+03 1.557000e+03
1558 1.558000e+03 1.558000e+03
1559 1.559000e+03 1.559000e+03
1560 1.560000e+03 1.560000e+03
1561 1.561000e+03 1.561000e+03
1562 1.562000e+03 1.562000e+03
1563 1.563000e+03 1.563000e+03
1564 1.564000e+03 1.564000e+03
1565 1.565000e+03 1.565000e+03
1566 1.566000e+03 1.566000e+03
1567 1.567000e+03 1.567000e+03
1568 1.568000e+03 1.568000e+03
1569 1.569000e+03 1.569000e+03
1570 1.570000e+03 1.570000e+03
1571 1.571000e+03 1.571000e+03
1572 1.572000e+03 1.572000e+03
1573 1.573000e+03 1.573000e+03
1574 1.574000e+03 1.574000e+03
1575 1.575000e+03 1.575000e+03
1576 1.576000e+03 1.576000e+03
1577 1.577000e+03 1.577000e+03
1578 1.578000e+03 1.578000e+03
1579 1.579000e+03 1.579000e+03
1580 1.580000e+03 1.580000e+03
1581 1.581000e+03 1.581000e+03
1582 1.582000e+03 1.582000e+03
1583 1.583000e+03 1.583000e+03
1584 1.584000e+03 1.584000e+03
1585 1.585000e+03 1.585000e+03
1586 1.586000e+03 1.586000e+03
1587 1.587000e+03 1.587000e+03
1588 1.588000e+03 1.588000e+03
1589 1.589000e+03 1.589000e+03
1590 1.590000e+03 1.590000e+03
1591 1.591000e+03 1.591000e+03
1592 1.592000e+03 1.592000e+03
1593 1.593000e+03 1.593000e+03
1594 1.594000e+03 1.594000e+03
1595 1.595000e+03 1.595000e+03
1596 1.596000e+03 1.596000e+03
1597 1.597000e+03 1.597000e+03
1598 1.598000e+03 1.598000e+03
1599 1.599000e+03 1.599000e+03
1600 1.600000e+03 1.600000e+03
1601 1.601000e+03 1.601000e+03
1602 1.602000e+03 1.602000e+03
1603 1.603000e+03 1.603000e+03
1604 1.604000e+03 1.604000e+03
1605 1.605000e+03 1.605000e+03
1606 1.606000e+03 1.606000e+03
1607 1.607000e+03 1.607000e+03
1608 1.608000e+03 1.608000e+03
1609 1.609000e+03 1.609000e+03
1610 1.610000e+03 1.610000e+03
1611 1.611000e+03 1.611000e+03
1612 1.612000e+03 1.612000e+03
1613 1.613000e+03 1.613000e+03
1614 1.614000e+03 1.614000e+03
1615 1.615000e+03 1.615000e+03
1616 1.616000e+03 1.616000e+03
1617 1.617000e+03 1.617000e+03
1618 1.618000e+03 1.618000e+03
1619 1.619000e+03 1.619000e+03
1620 1.620000e+03 1.620000e+03
1621 1.621000e+03 1.621000e+03
1622 1.622000e+03 1.622000e+03
1623 1.623000e+03 1.623000e+03
1624 1.624000e+03 1.624000e+03
1625 1.625000e+03 1.625000e+03
1626 1.626000e+03 1.626000e+03
1627 1.627000e+03 1.627000e+03
1628 1.628000e+03 1.628000e+03
1629 1.629000e+03 1.629000e+03
1630 1.630000e+03 1.630000e+03
1631 1.631000e+03 1.631000e+03
1632 1.632000e+03 1.632000e+03
1633 1.633000e+03 1.633000e+03
1634 1.634000e+03 1.634000e+03
1635 1.635000e+03 1.635000e+03
1636 1.636000e+03 1.636000e+03
1637 1.637000e+03 1.637000e+03
1638 1.638000e+03 1.638000e+03
1639 1.639000e+03 1.639000e+03
1640 1.640000e+03 1.640000e+03
1641 1.641000e+03 1.641000e+03
1642 1.642000e+03 1.642000e+03
1643 1.643000e+03 1.643000e+03
1644 1.644000e+03 1.644000e+03
1645 1.645000e+03 1.645000e+03
1646 1.646000e+03 1.646000e+03
1647 1.647000e+03 1.647000e+03
1648 1.648000e+03 1.648000e+03
1649 1.649000e+03 1.649000e+03
1650 1.650000e+03 1.650000e+03
1651 1.651000e+03 1.651000e+03
1652 1.652000e+03 1.652000e+03
1653 1.653000e+03 1.653000e+03
1654 1.654000e+03 1.654000e+03
1655 1.655000e+03 1.655000e+03
1656 1.656000e+03 1.656000e+03
1657 1.657000e+03 1.657000e+03
1658 1.658000e+03 1.658000e+03
1659 1.659000e+03 1.659000e+03
1660 1.660000e+03 1.660000e+03
1661 1.661000e+03 1.661000e+03
1662 1.662000e+03 1.662000e+03
1663 1.663000e+03 1.663000e+03
1664 1.664000e+03 1.664000e+03
1665 1.665000e+03 1.665000e+03
1666 1.666000e+03 1.666000e+03
1667 1.667000e+03 1.667000e+03
1668 1.668000e+03 1.668000e+03
1669 1.669000e+03 1.669000e+03
1670 1.670000e+03 1.670000e+03
1671 1.671000e+03 1.671000e+03
1672 1.672000e+03 1.672000e+03
1673 1.673000e+03 1.673000e+03
1674 1.674000e+03 1.674000e+03
1675 1.675000e+03 1.675000e+03
1676 1.676000e+03 1.676000e+03
1677 1.677000e+03 1.677000e+03
1678 1.678000e+03 1.678000e+03
1679 1.679000e+03 1.679000e+03
1680 1.680000e+03 1.680000e+03
1681 1.681000e+03 1.681000e+03
1682 1.682000e+03 1.682000e+03
1683 1.683000e+03 1.683000e+03
1684 1.684000e+03 1.684000e+03
1685 1.685000e+03 1.685000e+03
1686 1.686000e+03 1.686000e+03
1687 1.687000e+03 1.687000e+03
1688 1.688000e+03 1.688000e+03
1689 1.689000e+03 1.689000e+03
1690 1.690000e+03 1.690000e+03
1691 1.691000e+03 1.691000e+03
1692 1.692000e+03 1.692000e+03
1693 1.693000e+03 1.693000e+03
1694 1.694000e+03 1.694000e+03
1695 1.695000e+03 1.695000e+03
1696 1.696000e+03 1.696000e+03
1697 1.697000e+03 1.697000e+03
1698 1.698000e+03 1.698000e+03
1699 1.699000e+03 1.699000e+03
1700 1.700000e+03 1.700000e+03
1701 1.701000e+03 1.701000e+03
1702 1.702000e+03 1.702000e+03
1703 1.703000e+03 1.703000e+03
1704 1.704000e+03 1.704000e+03
1705 1.705000e+03 1.705000e+03
1706 1.706000e+03 1.706000e+03
1707 1.707000e+03 1.707000e+03
1708 1.708000e+03 1.708000e+03
1709 1.709000e+03 1.709000e+03
1710 1.710000e+03 1.710000e+03
1711 1.711000e+03 1.711000e+03
1712 1.712000e+03 1.712000e+03
1713 1.713000e+03 1.713000e+03
1714 1.714000e+03 1.714000e+03
1715 1.715000e+03 1.715000e+03
1716 1.716000e+03 1.716000e+03
1717 1.717000e+03 1.717000e+03
1718 1.718000e+03 1.718000e+03
1719 1.719000e+03 1.719000e+03
1720 1.720000e+03 1.720000e+03
1721 1.721000e+03 1.721000e+03
1722 1.722000e+03 1.722000e+03
1723 1.723000e+03 1.723000e+03
1724 1.724000e+03 1.724000e+03
1725 1.725000e+03 1.725000e+03
1726 1.726000e+03 1.726000e+03
1727 1.727000e+03 1.727000e+03
1728 1.728000e+03 1.728000e+03
1729 1.729000e+03 1.729000e+03
1730 1.730000e+03 1.730000e+03
1731 1.731000e+03 1.731000e+03
1732 1.732000e+03 1.732000e+03
1733 1.733000e+03 1.733000e+03
1734 1.734000e+03 1.734000e+03
1735 1.735000e+03 1.735000e+03
1736 1.736000e+03 1.736000e+03
1737 1.737000e+03 1.737000e+03
1738 1.738000e+03 1.738000e+03
1739 1.739000e+03 1.739000e+03
1740 1.740000e+03 1.740000e+03
1741 1.741000e+03 1.741000e+03
1742 1.742000e+03 1.742000e+03
1743 1.743000e+03 1.743000e+03
1744 1.744000e+03 1.744000e+03
1745 1.745000e+03 1.745000e+03
1746 1.746000e+03 1.746000e+03
1747 1.747000e+03 1.747000e+03
1748 1.748000e+03 1.748000e+03
1749 1.749000e+03 1.749000e+03
1750 1.750000e+03 1.750000e+03
1751 1.751000e+03 1.751000e+03
1752 1.752000e+03 1.752000e+03
1753 1.753000e+03 1.753000e+03
1754 1.754000e+03 1.754000e+03
1755 1.755000e+03 1.755000e+03
1756 1.756000e+03 1.756000e+03
1757 1.757000e+03 1.757000e+03
1758 1.758000e+03 1.758000e+03
1759 1.759000e+03 1.759000e+03
1760 1.760000e+03 1.760000e+03
1761 1.761000e+03 1.761000e+03
1762 1.762000e+03 1.762000e+03
1763 1.763000e+03 1.763000e+03
1764 1.764000e+03 1.764000e+03
1765 1.765000e+03 1.765000e+03
1766 1.766000e+03 1.766000e+03
1767 1.767000e+03 1.767000e+03
1768 1.768000e+03 1.768000e+03
1769 1.769000e+03 1.769000e+03
1770 1.770000e+03 1.770000e+03
1771 1.771000e+03 1.771000e+03
1772 1.772000e+03 1.772000e+03
1773 1.773000e+03 1.773000e+03
1774 1.774000e+03 1.774000e+03
1775 1.775000e+03 1.775000e+03
1776 1.776000e+03 1.776000e+03
1777 1.777000e+03 1.777000e+03
1778 1.778000e+03 1.778000e+03
1779 1.779000e+03 1.779000e+03
1780 1.780000e+03 1.780000e+03
1781 1.781000e+03 1.781000e+03
1782 1.782000e+03 1.782000e+03
1783 1.783000e+03 1.783000e+03
1784 1.784000e+03 1.784000e+03
1785 1.785000e+03 1.785000e+03
1786 1.786000e+03 1.786000e+03
1787 1.787000e+03 1.787000e+03
1788 1.788000e+03 1.788000e+03
1789 1.789000e+03 1.789000e+03
1790 1.790000e+03 1.790000e+03
1791 1.791000e+03 1.791000e+03
1792 1.792000e+03 1.792000e+03
1793 1.793000e+03 1.793000e+03
1794 1.794000e+03 1.794000e+03
1795 1.795000e+03 1.795000e+03
1796 1.796000e+03 1.796000e+03
1797 1.797000e+03 1.797000e+03
1798 1.798000e+03 1.798000e+03
1799 1.799000e+03 1.799000e+03
1800 1.800000e+03 1.800000e+03
1801 1.801000e+03 1.801000e+03
1802 1.802000e+03 1.802000e+03
1803 1.803000e+03 1.803000e+03
1804 1.804000e+03 1.804000e+03
1805 1.805000e+03 1.805000e+03
