*******************************************
 Matrix: bcsstk14
 OpenMPThreads: 8
 Verbose: 0
 CUDA: 1
*******************************************
 OuterSolver: cg
 OuterLoop: 10000
 OuterEPS: 1.000000000000e-08
 OuterRestart: 1000
 OuterKskip: 2
 OuterFix: 2
*******************************************
---- OpenMP set to 8 ----
---- DirFound ----
---- FileFound ----
0 -1.625387798566e+15
1 7.000000000000e+00
2 2.903518234645e+15
3 6.507052786298e+18
4 3.762601022254e+16
5 8.332730261523e+18
6 -6.050555481350e+14
7 4.168988816443e+16
8 4.610478052725e+15
9 2.429934418759e+19
10 -3.466169349150e+17
11 4.097457825838e+16
12 -6.813784341713e+15
13 5.419119901133e+16
14 6.758090302420e+14
15 -3.534741545488e+16
16 8.213801354313e+17
17 3.773622483995e+19
18 4.049192084035e+15
19 4.269097935698e+16
20 -4.654423526035e+15
21 2.984419865838e+18
22 9.604370178818e+16
23 3.470751245713e+18
24 -5.383446865889e+14
25 1.900000000000e+01
26 1.849894438939e+16
27 1.289751995432e+20
28 1.102449888037e+18
29 1.001528897229e+19
30 -4.908513241889e+15
31 1.523375648611e+16
32 -1.364313771062e+16
33 4.579779906314e+18
34 -1.369048591320e+18
35 4.852851725801e+17
36 -2.162611002887e+16
37 2.100000000000e+01
38 -5.513137891130e+15
39 1.277685536928e+19
40 2.121598090362e+17
41 1.424912873477e+20
42 1.240704945460e+16
43 1.869791697396e+16
44 5.094294306899e+15
45 1.299655574762e+18
46 2.235554207725e+18
47 5.195047218797e+18
48 -6.029801163859e+13
49 2.962435849088e+15
50 1.903380071395e+13
51 2.895157048489e+16
52 1.341319443753e+16
53 -3.101524724508e+16
54 -2.986068115590e+15
55 1.206986802154e+17
56 6.754388457659e+15
57 3.189121075224e+20
58 1.600307520380e+18
59 4.617813718805e+18
60 -2.038593628119e+16
61 1.383709032998e+17
62 3.889418663103e+15
63 9.978835231037e+18
64 -2.171360719508e+18
65 6.153272533810e+19
66 1.538943113724e+16
67 -7.640817465391e+16
68 -2.062452931103e+16
69 8.774174873481e+18
70 1.029424730960e+18
71 8.139765759686e+18
72 -5.550168911115e+15
73 1.146689883331e+17
74 3.120935480527e+15
75 4.389312236480e+18
76 1.505120964829e+18
77 3.411887189377e+20
78 -4.609894040297e+15
79 1.743358490158e+17
80 2.561792848702e+16
81 7.124673459188e+19
82 3.023567903568e+18
83 1.091651622510e+19
84 -8.887391117522e+16
85 3.000000000000e+01
86 3.000000000000e+01
87 2.456661149695e+20
88 2.148723675611e+18
89 4.756693380635e+19
90 -5.595814958697e+15
91 4.418714771929e+17
92 4.679926103188e+15
93 9.847418901364e+19
94 8.583161367256e+17
95 9.187823024086e+19
96 -5.526083012083e+17
97 -2.327776345942e+16
98 1.470461800405e+16
99 3.214812956541e+18
100 6.316063319754e+19
101 1.783692793871e+20
102 3.167333767512e+14
103 -5.240554215578e+16
104 4.081311625459e+15
105 1.702306281143e+20
106 -9.454681348215e+17
107 8.232340487529e+18
108 -1.491921587405e+15
109 1.119640474500e+17
110 -1.283247233842e+16
111 9.572628903833e+18
112 1.944454080357e+18
113 9.580989224487e+18
114 3.500000000000e+01
115 3.400000000000e+01
116 9.581966528008e+16
117 4.212948535029e+19
118 -3.779564559199e+17
119 2.693241467810e+20
120 -9.584111781708e+16
121 -3.577436306570e+16
122 1.244275108227e+17
123 7.791908851188e+19
124 -2.346542208962e+19
125 1.994342655111e+19
126 -1.558002325626e+16
127 -2.045379308756e+16
128 -4.353476039931e+15
129 4.694458819455e+18
130 1.888252292570e+18
131 1.781574380294e+20
132 -8.587930287512e+15
133 -2.995687592024e+16
134 2.370376905963e+16
135 1.034519235024e+20
136 -2.848463540321e+18
137 4.748872844318e+17
138 2.826829555527e+17
139 2.799908545527e+17
140 -2.666300252810e+17
141 5.862069989775e+19
142 2.387577769661e+19
143 7.999455815535e+19
144 -3.588709018329e+16
145 2.276920138777e+16
146 1.594261913822e+16
147 1.314320144002e+20
148 4.069933038990e+17
149 1.168233972561e+20
150 5.281576187928e+17
151 2.706660110805e+17
152 -9.223087397430e+16
153 3.461830355066e+19
154 1.860980377784e+20
155 8.927614278938e+19
156 5.854824664261e+17
157 1.892639400139e+17
158 -6.770676044517e+17
159 -8.668947108520e+18
160 2.104122304128e+20
161 2.046276850939e+19
162 2.917711906687e+16
163 -1.395334665877e+17
164 -2.626714500186e+16
165 1.507083956535e+18
166 1.547175227800e+20
167 -1.547473590818e+18
168 -6.605117600628e+17
169 3.463792313084e+17
170 5.903307070547e+17
171 2.887201262645e+19
172 2.008741850771e+20
173 -6.222006140321e+18
174 -2.777113639733e+16
175 -3.148125576633e+16
176 8.446683908901e+15
177 4.813107146241e+17
178 4.183206293010e+18
179 1.094387026307e+20
180 1.461581293846e+17
181 1.548519126232e+17
182 -1.942285330164e+17
183 5.515952011490e+19
184 -9.294256962661e+18
185 5.219890029750e+19
186 -2.432108289987e+16
187 1.564756165048e+17
188 3.984596922384e+16
189 1.228275108499e+20
190 -6.546226557344e+17
191 1.469648726139e+20
192 -1.145132211655e+17
193 5.381873350433e+17
194 2.231186136112e+16
195 8.762853046498e+18
196 1.322061473429e+20
197 9.312427518750e+19
198 6.446495549623e+16
199 3.900000000000e+01
200 3.600000000000e+01
201 2.705071460410e+20
202 5.891484610066e+18
203 2.499722307564e+19
204 7.602003561756e+15
205 2.397972153125e+17
206 -1.231456185712e+17
207 4.243053975249e+19
208 -1.186260247117e+19
209 -4.589354919696e+17
210 5.042271730231e+16
211 7.199571077282e+16
212 -5.631551938198e+16
213 -1.717574798333e+17
214 5.839043767319e+18
215 -3.680108225877e+16
216 -5.035368654744e+16
217 3.412217598148e+17
218 2.279578810252e+16
219 9.311261919261e+18
220 -6.938117610499e+18
221 1.808446928386e+20
222 -1.017287177902e+16
223 9.772336976911e+16
224 3.384120907725e+16
225 1.246291256075e+20
226 4.455555396112e+18
227 1.298592089500e+19
228 3.610087641902e+17
229 -4.070862545571e+16
230 -4.816302425698e+17
231 3.188654436426e+20
232 4.679031236818e+19
233 2.431320677333e+20
234 6.295740134855e+16
235 -3.324291484849e+17
236 -1.310952507949e+17
237 1.051844909195e+20
238 3.303171074131e+19
239 9.756520231328e+19
240 -9.329655812052e+15
241 3.060817240952e+17
242 1.356550626065e+17
243 2.299506291944e+20
244 1.434966201879e+19
245 7.505121197483e+18
246 3.800000000000e+01
247 3.900000000000e+01
248 -3.913176899801e+16
249 5.900676610714e+19
250 -4.067738515217e+18
251 2.594102726270e+20
252 -8.513175001116e+16
253 3.884759396946e+17
254 -1.602453005377e+17
255 5.469028283987e+19
256 4.308583568946e+19
257 1.149635576412e+19
258 -3.296347128770e+16
259 -3.880429946454e+16
260 3.202141958240e+16
261 -5.532062618745e+17
262 5.718666703160e+18
263 7.274442275815e+17
264 -1.623047216162e+16
265 1.131336107585e+17
266 1.076091619769e+16
267 1.300308441472e+19
268 -2.767167416728e+18
269 1.147066639836e+20
270 2.564264185787e+17
271 -2.206309469515e+17
272 -1.258827312550e+18
273 3.993265212663e+20
274 2.769178683209e+20
275 4.156637099239e+20
276 -1.883472806596e+15
277 5.025537563038e+17
278 2.676460781951e+15
279 4.653776554758e+20
280 2.211727955800e+18
281 5.170020828144e+18
282 -5.678913114538e+17
283 4.645295572796e+17
284 2.321005195322e+17
285 1.970049980000e+19
286 -8.284106866972e+19
287 3.218190882416e+20
288 -5.478800858728e+16
289 4.189522154740e+18
290 4.592857383853e+16
291 5.802231749337e+20
292 4.635551860729e+18
293 4.859296324139e+20
294 -3.289788642496e+17
295 6.016221913567e+18
296 4.400951613243e+16
297 1.132988047419e+20
298 1.277149128139e+19
299 9.979479453113e+20
300 -1.274938467337e+18
301 3.900000000000e+01
302 3.800000000000e+01
303 7.574087522939e+20
304 1.579091808018e+18
305 6.674717206509e+20
306 -8.124777238152e+16
307 -3.187967803846e+17
308 2.222228189658e+17
309 2.151260661451e+20
310 -2.859305611336e+19
311 3.796603966198e+17
312 -7.793045195649e+15
313 -1.323028717038e+16
314 3.137653053904e+16
315 1.062994061106e+21
316 -3.014962578557e+18
317 1.605157361954e+19
318 -8.112257404301e+17
319 2.095675327365e+18
320 5.284156711643e+16
321 5.346938585040e+18
322 9.418502188585e+19
323 2.571698407708e+21
324 5.461766569107e+17
325 3.189415033638e+18
326 -2.427899619728e+17
327 4.276313301154e+20
328 1.814613297332e+20
329 4.823814482393e+20
330 8.535458804912e+16
331 3.039022668332e+17
332 -2.085886045258e+16
333 9.712886811703e+19
334 4.054360705370e+19
335 9.332233887290e+19
336 -5.841565186986e+16
337 1.056557024989e+16
338 2.137016649239e+15
339 1.494818519926e+19
340 7.821915410410e+18
341 1.104590519658e+21
342 5.773255508749e+14
343 5.902278540172e+17
344 -4.742437040000e+14
345 5.243316741180e+18
346 2.647753347406e+18
347 5.333138720118e+20
348 -4.029274759157e+17
349 5.515040468147e+17
350 1.658109244567e+18
351 5.892693406651e+20
352 1.905899699099e+20
353 4.379791682162e+19
354 -8.812259490710e+16
355 5.497603623665e+18
356 3.670031465643e+17
357 1.150139105514e+21
358 1.527479884240e+18
359 1.212916126043e+20
360 -8.412562600416e+16
361 2.206812437972e+18
362 5.514179285487e+17
363 2.432294121041e+21
364 -6.249193247849e+19
365 1.022087618135e+19
366 2.631642227193e+17
367 2.583433031198e+18
368 -1.533072696399e+17
369 5.147153590781e+20
370 1.201929879835e+20
371 4.477650871969e+20
372 -2.710410581388e+18
373 7.956525975988e+17
374 5.088801708602e+17
375 4.292267720757e+19
376 3.333099602162e+20
377 1.248236828242e+21
378 -4.119796514934e+15
379 3.352438839015e+17
380 1.435101453205e+16
381 2.259396832156e+20
382 -1.541467927631e+18
383 8.560509463056e+18
384 2.251754582260e+18
385 3.385889855121e+18
386 -2.630583454675e+18
387 8.653848664217e+20
388 1.965222497615e+20
389 7.754187368254e+20
390 -1.706938066059e+17
391 4.600000000000e+01
392 -1.488074905842e+16
393 1.712345426433e+20
394 6.784189198308e+17
395 4.288800197992e+20
396 2.180439208709e+17
397 1.707074669120e+17
398 -4.344986064395e+16
399 4.699900109004e+19
400 -2.769700656863e+19
401 7.350182290742e+19
402 -7.748539128858e+16
403 -3.417552968511e+17
404 -7.400994176284e+16
405 3.202248473292e+20
406 6.812563420511e+19
407 2.881314045385e+20
408 -3.303728434089e+16
409 4.400000000000e+01
410 2.555157587673e+16
411 1.524001584859e+20
412 5.238566843680e+17
413 4.597030481908e+19
414 -1.735855075427e+15
415 -1.168980136212e+17
416 1.864519943586e+16
417 7.516108275515e+19
418 -1.457680875938e+18
419 -1.594362184567e+16
420 -8.524967375966e+15
421 4.162856432802e+18
422 1.643584224779e+16
423 7.091592484172e+20
424 1.816010197427e+18
425 3.438170160837e+21
426 2.313904618228e+17
427 4.452551585834e+17
428 -2.932321890497e+17
429 -3.421914851901e+18
430 2.481233640051e+20
431 5.708035545601e+19
432 4.615467895268e+17
433 2.698322023683e+17
434 -1.731761388681e+17
435 6.919969651937e+19
436 2.783503430648e+20
437 1.290453915526e+20
438 -1.032052976221e+16
439 9.041106250826e+16
440 -1.702302414888e+16
441 1.850003749357e+20
442 1.724044435939e+19
443 1.898268033631e+20
444 1.961049925848e+17
445 2.925510528466e+17
446 -7.099286778445e+16
447 5.473874501293e+18
448 2.129819495058e+19
449 5.410206232430e+19
450 2.109481872009e+16
451 -1.209214114167e+17
452 -2.126477938719e+16
453 1.140441178977e+18
454 7.412591967752e+19
455 -1.086246495442e+18
456 -3.195283036457e+17
457 5.415004228107e+17
458 -1.090919423728e+17
459 7.257569586413e+19
460 2.858108585250e+20
461 -3.143836242818e+17
462 -2.700018082957e+16
463 4.176468799255e+18
464 3.155874401734e+16
465 3.274608888148e+21
466 1.398876287251e+19
467 6.690244699943e+20
468 4.300000000000e+01
469 4.400000000000e+01
470 1.130891852963e+18
471 5.677755563583e+20
472 9.838651123814e+16
473 8.304298754426e+20
474 -5.188582687750e+17
475 8.668725666756e+17
476 1.055932114473e+18
477 7.356690617137e+20
478 -1.426139784260e+20
479 3.210603950259e+19
480 -2.582555450158e+16
481 3.689542551818e+17
482 1.301480478542e+15
483 1.037105615142e+19
484 3.920296882198e+18
485 2.645945485716e+20
486 -3.425373937639e+17
487 5.701407797311e+17
488 -3.716460827461e+17
489 6.770685495871e+19
490 2.328472315704e+20
491 1.105059864390e+20
492 -7.597807028233e+16
493 2.641466420203e+17
494 -5.117588243862e+16
495 2.167685180423e+20
496 1.807093253225e+19
497 2.130542476616e+20
498 3.703440953719e+16
499 4.785139654976e+17
500 -4.181411614548e+17
501 8.165647183436e+19
502 1.004531233002e+20
503 9.555834902502e+18
504 -4.300001906237e+17
505 1.162671195570e+19
506 1.709056023243e+17
507 1.038321982499e+21
508 3.538017603595e+18
509 1.949666592476e+21
510 1.029783402004e+18
511 5.470646239445e+17
512 8.950031885115e+14
513 7.344420490466e+19
514 2.062113843071e+20
515 1.921125182397e+20
516 -6.121181368351e+15
517 2.591449455518e+17
518 -2.395223874808e+15
519 2.502796864791e+20
520 4.510393767631e+17
521 2.970405225496e+19
522 -9.900041552648e+17
523 7.354879937622e+17
524 2.712428300702e+17
525 5.350575697309e+19
526 -1.276907437787e+20
527 1.743629624872e+21
528 1.074363726024e+18
529 -4.316531316472e+18
530 -4.880674124726e+17
531 8.052546551480e+20
532 2.074725337841e+20
533 8.400662680814e+20
534 3.739720429394e+16
535 1.896414643764e+17
536 -4.679349441678e+16
537 1.936340236133e+19
538 1.481844275553e+18
539 1.772031649475e+19
540 -3.104625681061e+16
541 -6.642557026834e+16
542 6.548523626600e+15
543 2.106574692720e+19
544 4.010982353346e+18
545 1.674170870950e+20
546 -1.040479141869e+16
547 4.700000000000e+01
548 1.015699614091e+16
549 2.924645381569e+19
550 1.362251335784e+17
551 2.914082375713e+19
552 7.328129492297e+14
553 1.369507264074e+14
554 -6.103892878501e+14
555 5.943611441091e+18
556 -1.135335613475e+18
557 6.475334076242e+18
558 -5.584655638095e+13
559 -8.358478785992e+13
560 4.771177128357e+13
561 5.170879179537e+18
562 7.634339155947e+16
563 5.395708080301e+18
564 -3.276086391210e+17
565 2.482622228454e+18
566 3.231881011310e+16
567 4.080156892424e+19
568 -3.888400683422e+19
569 5.390255622741e+21
570 -1.965903775880e+16
571 4.229624478349e+17
572 5.078803678581e+16
573 4.664846437102e+20
574 7.068146982433e+18
575 3.189066623778e+19
576 2.789525983827e+17
577 -8.502802967505e+17
578 -3.627325795949e+17
579 2.970436237116e+20
580 1.809331507191e+20
581 2.900039973516e+20
582 6.657968025450e+17
583 -3.412421360677e+18
584 -5.456718183934e+17
585 6.263622026971e+20
586 2.228683094785e+20
587 5.762980738283e+20
588 -6.892874885413e+17
589 3.193837656866e+18
590 1.739713186387e+17
591 6.238734862571e+19
592 -8.780679168535e+19
593 3.646419012964e+21
594 -3.582342102229e+16
595 2.448418299751e+18
596 4.457175094155e+17
597 5.176191577032e+21
598 5.715691551527e+19
599 3.707454572192e+19
600 -2.344421841284e+16
601 3.893115309461e+17
602 1.612192765613e+16
603 2.976405167803e+19
604 -2.981750199542e+18
605 4.485159890869e+20
606 -3.820928687963e+17
607 -3.674415080115e+17
608 8.376736407322e+16
609 -1.565494911025e+18
610 4.359447673546e+19
611 2.982609668634e+20
612 2.035479251130e+18
613 3.301211945454e+18
614 -2.433253435558e+18
615 7.181468163471e+20
616 -6.343137407851e+19
617 8.518557214369e+20
618 -2.069158275922e+17
619 1.427382985423e+19
620 5.042914607686e+17
621 2.172933727344e+21
622 4.245846810748e+19
623 1.096123800325e+21
624 7.533511110056e+16
625 8.969873332941e+17
626 -5.910278158681e+17
627 2.709084330475e+19
628 2.567204158638e+19
629 1.594797968901e+20
630 1.561437824552e+17
631 -3.767360028833e+18
632 -6.800840868345e+17
633 6.651237245662e+20
634 4.372749880853e+20
635 6.968596556792e+20
636 -2.070035385801e+17
637 3.336067431673e+18
638 9.987829464618e+17
639 4.562316744568e+21
640 1.185792666300e+20
641 7.817421767821e+19
642 -1.547109424706e+16
643 3.856292175329e+17
644 1.348228741474e+17
645 2.102860508269e+21
646 1.870988341501e+19
647 4.519403414461e+19
648 -1.182661009025e+16
649 -8.126099280504e+17
650 4.742912924861e+16
651 4.139403002938e+20
652 -5.120722785266e+18
653 4.244213263794e+19
654 3.928408464918e+16
655 -7.440836864601e+18
656 2.097842727601e+17
657 1.128537983516e+21
658 6.725940539834e+18
659 8.325771692108e+20
660 -1.398353806636e+18
661 1.561658352047e+19
662 -2.008869186207e+18
663 1.211435034673e+21
664 5.176328695547e+20
665 1.381787508873e+21
666 1.537248370892e+16
667 -1.311649872505e+14
668 -1.509775218009e+16
669 6.935411498651e+18
670 3.597254701379e+18
671 6.533771452789e+18
672 -1.193456515053e+16
673 -1.280801795158e+15
674 1.308749890067e+16
675 2.327050335689e+20
676 9.271536945945e+17
677 2.198337374713e+20
678 -2.192210488797e+16
679 1.246036787055e+17
680 2.128435322750e+15
681 -1.644863873409e+16
682 -1.555622662689e+18
683 9.431672564810e+19
684 4.859044490953e+16
685 -1.932455216336e+17
686 -3.810908174737e+16
687 1.889974925245e+19
688 1.424380929024e+18
689 2.018071076838e+19
690 1.064583215289e+16
691 1.249769000287e+19
692 -1.023339059170e+17
693 1.074055905872e+21
694 1.164098138491e+19
695 5.544538940628e+21
696 8.955365255048e+16
697 1.145247771396e+19
698 -4.387441826542e+16
699 5.675446242007e+21
700 1.565870662773e+19
701 1.081611337178e+21
702 2.823479638835e+17
703 1.431455547855e+19
704 -3.532456069331e+17
705 7.266691362867e+21
706 3.110191301773e+19
707 7.124779276406e+21
708 -8.779781932492e+15
709 5.826576365789e+17
710 1.110072506869e+17
711 8.470693067986e+21
712 -2.905818086931e+18
713 4.846548105674e+19
714 -4.601877738168e+17
715 1.786382518130e+18
716 1.088338000358e+17
717 5.164004769603e+19
718 6.087011567440e+19
719 7.421827677317e+21
720 2.323026660386e+17
721 1.046344965095e+18
722 -1.788507907945e+16
723 2.884839800353e+20
724 1.608327584651e+20
725 2.997346956005e+20
726 1.862059504332e+16
727 6.389193629234e+18
728 -1.070243417735e+18
729 7.310850424198e+20
730 4.165265554712e+20
731 8.368862966725e+20
732 -1.935898778669e+16
733 -4.461962567020e+17
734 8.861941311870e+16
735 2.045110586701e+21
736 -1.255661903566e+19
737 5.016632100755e+19
738 -1.324536705348e+17
739 5.431963316861e+17
740 6.068077369736e+15
741 4.898230306418e+19
742 2.916256367655e+19
743 8.351440990112e+21
744 -9.639995361950e+16
745 1.832078593111e+18
746 2.963383449288e+17
747 6.741333651180e+21
748 -2.933287413379e+19
749 4.051046796887e+19
750 -8.968756363795e+15
751 4.700000000000e+01
752 2.128207904446e+17
753 5.605604115765e+20
754 3.619248290653e+18
755 2.089900824879e+20
756 -1.600340414911e+17
757 3.875179489154e+17
758 -3.651002030988e+17
759 1.354499121508e+20
760 7.581391118513e+19
761 6.089933441551e+19
762 -4.382669102699e+17
763 2.887143659107e+17
764 -4.093835547201e+17
765 3.647168537603e+20
766 7.815487869676e+19
767 3.741829066822e+20
768 -9.719576171017e+16
769 3.480098921737e+17
770 1.996273375896e+16
771 4.811158776560e+19
772 -9.562345237825e+18
773 2.032424957038e+21
774 8.649681758279e+17
775 -5.295145869164e+18
776 -1.174969636538e+18
777 9.837570284689e+20
778 5.929702837165e+20
779 1.044199034638e+21
780 -4.563693649871e+17
781 5.816446982464e+18
782 -6.523472306532e+17
783 8.169920883542e+20
784 3.938276250769e+20
785 7.542899953191e+20
786 -1.406352858532e+17
787 -4.479775077163e+17
788 2.784548223645e+16
789 4.947164370331e+19
790 2.163669640903e+19
791 2.171502792492e+21
792 -2.127803783479e+17
793 -3.485220431753e+17
794 6.024432482567e+16
795 5.783139526707e+19
796 2.638088773983e+19
797 5.054578229575e+20
798 1.110218694978e+16
799 1.049735318319e+14
800 -1.091631318993e+16
801 2.741454183051e+19
802 2.645057993304e+16
803 2.894804358950e+19
804 -1.373116237122e+16
805 -1.044440136811e+16
806 1.762715532292e+16
807 1.431794685607e+21
808 3.466670338001e+20
809 1.404779961860e+21
810 8.780445973047e+16
811 -8.834156565794e+14
812 -8.753515669637e+16
813 8.555433290875e+19
814 8.609793092100e+19
815 8.243361007633e+19
816 -7.729378882964e+15
817 7.186840064912e+16
818 3.519062020744e+16
819 1.852645353096e+20
820 4.463008327177e+18
821 2.394800618838e+19
822 -4.956852392867e+16
823 8.833509515212e+17
824 1.153774194719e+16
825 4.187822356354e+19
826 -5.440930317441e+18
827 4.308416044628e+20
828 -2.907346486455e+16
829 4.800000000000e+01
830 3.990290220666e+16
831 5.164122175984e+19
832 6.256895536078e+17
833 1.652644226033e+20
834 3.082397880366e+17
835 -5.247170049206e+12
836 -3.213494939891e+17
837 7.243871441693e+21
838 2.949608418800e+19
839 7.860367137069e+21
840 -1.005912117116e+17
841 5.925720460477e+13
842 8.781571157226e+16
843 3.599528719426e+19
844 1.402937923941e+20
845 3.602301513102e+19
846 -7.579124804823e+16
847 -1.707914469013e+14
848 7.439021127637e+16
849 9.308435087574e+19
850 2.538660538682e+20
851 8.595924858173e+19
852 5.152821570091e+14
853 -8.131251003774e+12
854 -5.403527825922e+14
855 4.424605401287e+19
856 1.061277220326e+19
857 4.509693817423e+19
858 2.511414629435e+17
859 -2.447867838409e+13
860 -2.511570155311e+17
861 4.264084165143e+19
862 1.713033724294e+20
863 4.352416916164e+19
864 -5.641678397055e+15
865 1.346828945737e+14
866 6.039730802229e+15
867 4.571091293063e+20
868 1.223186988977e+20
869 4.834808034729e+20
870 1.181506442172e+17
871 1.005565470505e+14
872 -1.203936956152e+17
873 4.348726452772e+19
874 4.216607563026e+19
875 4.899150429082e+19
876 -1.704716479065e+17
877 -4.872263392084e+15
878 1.510496784158e+17
879 1.078420007063e+21
880 -3.848183351083e+18
881 1.167813119244e+21
882 3.248970734546e+17
883 6.662758213616e+12
884 -3.376345087919e+17
885 8.159222527698e+21
886 3.621184995442e+19
887 8.467116399221e+21
888 3.149364711090e+17
889 1.403029566978e+14
890 -3.026132442987e+17
891 1.001566423246e+20
892 2.180002563007e+20
893 8.963925311806e+19
894 4.286102610514e+15
895 3.274480037880e+17
896 8.873807116698e+15
897 3.650248592172e+19
898 8.310742712977e+17
899 2.607802893103e+20
900 -4.326925068473e+17
901 7.222619767523e+17
902 1.695489775527e+18
903 2.014083638675e+21
904 2.158653316598e+20
905 7.633964457521e+19
906 -1.970920170318e+17
907 -8.257968685862e+18
908 -4.730508861842e+16
909 8.050452150255e+20
910 3.263684451604e+18
911 9.972227733444e+20
912 -4.437895927137e+16
913 -3.223762432518e+17
914 1.017785466542e+17
915 4.576101136248e+20
916 -1.631079913591e+19
917 5.166273042412e+19
918 -1.287510171732e+18
919 1.423833155251e+19
920 -1.678149845078e+18
921 1.321833613276e+21
922 4.788492789205e+20
923 1.172045485466e+21
924 -5.870997206812e+15
925 -3.850024617105e+12
926 5.977897356822e+15
927 4.549673569965e+20
928 1.133325274413e+20
929 4.549673516210e+20
930 7.882537411954e+16
931 -1.010214842040e+14
932 -8.049325197945e+16
933 5.751125774766e+19
934 8.594049944785e+19
935 5.354231352193e+19
936 -1.978597502378e+17
937 5.328852609011e+15
938 2.093512211722e+17
939 1.136611841245e+21
940 2.095623597133e+19
941 1.181567330526e+21
942 1.968148731741e+18
943 -1.470520633967e+19
944 1.396588466728e+18
945 1.253639859336e+21
946 4.983174704632e+20
947 1.258855466174e+21
948 -6.905159164554e+16
949 3.562145725708e+17
950 2.086335610427e+17
951 4.958861970411e+20
952 2.442341051586e+19
953 5.465866547227e+19
954 2.627739810571e+15
955 -2.865605180580e+17
956 6.641084445839e+15
957 3.358028264060e+19
958 4.871015175505e+17
959 2.600241338187e+20
960 -2.311757503566e+17
961 7.914005297532e+18
962 -4.528291718651e+16
963 8.666916756817e+20
964 7.255801379742e+18
965 1.149888485580e+21
966 -2.926592406836e+17
967 -7.702003377202e+17
968 1.072103915268e+18
969 1.849616431590e+21
970 -1.388530801811e+20
971 5.665126312235e+19
972 -1.108886286951e+17
973 -2.150956730671e+18
974 4.688488897419e+17
975 8.003924479359e+21
976 6.695656632908e+19
977 5.163989957183e+19
978 -1.171863813871e+17
979 -5.934479195923e+17
980 9.638566834316e+15
981 5.032935554384e+19
982 -2.741889298247e+18
983 8.307797612630e+21
984 2.066781172503e+16
985 -1.087439621373e+18
986 -2.191382137557e+17
987 2.939458700785e+20
988 1.732070426242e+20
989 2.828351307995e+20
990 9.339185761176e+17
991 -6.744282351040e+18
992 -1.930436248409e+16
993 8.842470209439e+20
994 4.485608864972e+20
995 7.597857828244e+20
996 -6.068232950272e+15
997 -5.223039670817e+17
998 1.351017743586e+17
999 8.351441066616e+21
1000 2.975759770091e+19
1001 4.898233212066e+19
1002 -9.429188694289e+16
1003 4.683616680487e+17
1004 1.930147773979e+16
1005 4.411260247035e+19
1006 -1.207593634046e+19
1007 2.170103818717e+21
1008 -3.215767440674e+17
1009 -2.088567912201e+18
1010 9.832542472206e+16
1011 4.501152712785e+19
1012 -3.495092844978e+19
1013 7.745368108696e+21
1014 6.522328129022e+17
1015 -6.165410186772e+18
1016 4.477591109547e+17
1017 8.122844854274e+20
1018 4.081557097959e+20
1019 8.632496914076e+20
1020 -3.478976839822e+16
1021 5.600000000000e+01
1022 4.404558138569e+16
1023 6.115237166451e+19
1024 6.563735596108e+17
1025 1.761423697543e+20
1026 -7.821468170977e+15
1027 -7.869211828368e+16
1028 2.973107713402e+16
1029 1.731606245113e+20
1030 -3.191970455019e+18
1031 2.659446272760e+19
1032 -7.740486578561e+16
1033 -9.263504928291e+17
1034 2.545538755243e+16
1035 5.198070273551e+19
1036 8.904106415137e+18
1037 4.997996552370e+20
1038 1.594880229729e+17
1039 8.838932823292e+14
1040 -1.626285738529e+17
1041 7.614975127662e+19
1042 5.551528739337e+19
1043 7.469353480750e+19
1044 -1.102133702195e+16
1045 1.077317524943e+16
1046 7.612396332947e+15
1047 1.455282902392e+21
1048 3.710140549607e+20
1049 1.347484655209e+21
1050 -1.767433728340e+16
1051 -1.022797379535e+14
1052 1.766547520346e+16
1053 2.670351814668e+19
1054 6.511518878437e+18
1055 2.828431537145e+19
1056 -3.077937570797e+16
1057 4.262140709988e+17
1058 1.432422436193e+17
1059 2.086561294148e+21
1060 2.206142376489e+19
1061 4.898582903992e+19
1062 -1.018883893257e+17
1063 3.284577687520e+17
1064 4.707128327622e+16
1065 5.472264941862e+19
1066 -1.695578259030e+19
1067 4.576318291167e+20
1068 5.283830812889e+17
1069 4.402883619688e+18
1070 -1.141726901939e+18
1071 8.401691315032e+20
1072 2.616335310742e+20
1073 8.388363130182e+20
1074 -1.273315775347e+17
1075 -3.781635326961e+17
1076 1.611608736218e+16
1077 4.971533182363e+19
1078 1.981048805289e+19
1079 2.102869769936e+21
1080 1.576298604291e+16
1081 4.800000000000e+01
1082 1.875591251498e+17
1083 4.822625257002e+20
1084 8.202596035889e+17
1085 2.023875753736e+20
1086 5.727907848371e+16
1087 -2.020944362589e+17
1088 -2.707266546887e+17
1089 9.053000833346e+19
1090 -3.523312892655e+19
1091 5.820250383993e+19
1092 1.151282851562e+17
1093 -1.326301482979e+19
1094 -1.109065951984e+16
1095 5.218388834015e+21
1096 1.259108592926e+19
1097 1.139830277195e+21
1098 4.745653246472e+16
1099 -1.193966357100e+19
1100 -9.526744855619e+16
1101 1.169889970722e+21
1102 1.565866529406e+19
1103 5.675446801154e+21
1104 8.646296351671e+16
1105 4.093969943667e+17
1106 8.965312210492e+16
1107 3.500055623716e+20
1108 7.404951659691e+19
1109 3.339779130472e+20
1110 -5.184612135083e+16
1111 -4.493973723134e+17
1112 2.136852030221e+16
1113 3.388381016408e+19
1114 7.209509922080e+18
1115 5.140851111081e+20
1116 3.217106153746e+17
1117 -1.459523043075e+19
1118 -2.938684660732e+17
1119 7.124780381157e+21
1120 2.883796889926e+19
1121 6.862984187270e+21
1122 -3.490049528173e+16
1123 -2.693910274800e+18
1124 3.412206111778e+17
1125 6.050274187810e+21
1126 -4.040717532670e+19
1127 4.243350618637e+19
1128 3.775906585344e+17
1129 8.850024118189e+17
1130 -3.017085056008e+17
1131 3.564366873020e+20
1132 2.135028566936e+20
1133 3.403856134939e+20
1134 6.168444918743e+17
1135 3.690979969627e+18
1136 -7.741844992845e+17
1137 6.765256513101e+20
1138 2.655445657983e+20
1139 7.216782182174e+20
1140 -5.135881910858e+17
1141 -2.760977512639e+18
1142 4.378465787350e+16
1143 4.110403451095e+19
1144 7.144672590702e+19
1145 5.851361300324e+21
1146 -1.837899593362e+16
1147 -4.844768184559e+17
1148 2.983809677376e+16
1149 4.858923089505e+20
1150 -3.435494795129e+18
1151 3.364634204931e+19
1152 -1.776733376386e+17
1153 -3.397760255515e+18
1154 7.811930194468e+17
1155 4.226537271175e+21
1156 -9.855864372846e+19
1157 6.932530394818e+19
1158 7.494837384383e+17
1159 4.144100214005e+18
1160 -1.724060710952e+17
1161 7.549316011941e+20
1162 4.456849530096e+20
1163 7.482627010045e+20
1164 -2.579838786445e+16
1165 -1.368975725688e+17
1166 2.929325350841e+15
1167 -1.874120005551e+16
1168 2.748140656613e+18
1169 1.095438519468e+20
1170 5.051532093175e+16
1171 2.084177290712e+17
1172 -4.382408359121e+16
1173 1.932675838193e+19
1174 -6.559721480582e+17
1175 2.152842907342e+19
1176 -1.599673192645e+16
1177 2.677817636159e+15
1178 1.715258300750e+16
1179 2.163896056942e+20
1180 2.085662940645e+18
1181 2.375727325633e+20
1182 1.302855841758e+16
1183 1.630629562472e+14
1184 -1.289556829894e+16
1185 6.469695897817e+18
1186 -8.266520438993e+17
1187 6.745543766836e+18
1188 1.938315005404e+18
1189 -1.602989952857e+19
1190 1.536358910003e+18
1191 1.363505086150e+21
1192 5.268934474820e+20
1193 1.500026799108e+21
1194 -2.685598008037e+16
1195 1.032796492876e+18
1196 8.169489606421e+16
1197 4.911566142951e+20
1198 8.748574830094e+18
1199 5.191414479537e+19
1200 -1.194196501030e+18
1201 -3.669607466867e+18
1202 2.695854939882e+17
1203 8.773993799589e+19
1204 1.449302147700e+20
1205 4.825520699309e+21
1206 -2.035399170732e+16
1207 -3.479898527929e+17
1208 9.372427546024e+16
1209 2.235665303943e+21
1210 -9.562345237833e+18
1211 4.625919043621e+19
1212 5.165306567172e+16
1213 8.927506395328e+18
1214 2.048280380435e+17
1215 1.082090839209e+21
1216 3.528759856770e+18
1217 9.283754987462e+20
1218 -1.586134824560e+15
1219 -6.863915385985e+17
1220 -1.294636770291e+18
1221 2.229915161976e+20
1222 2.613629138965e+20
1223 8.412208558468e+19
1224 -2.202587536491e+17
1225 -1.498196901940e+19
1226 5.922030083272e+17
1227 2.383247976501e+21
1228 4.631284500455e+18
1229 1.218899874933e+21
1230 -3.010325515062e+17
1231 4.229321873522e+17
1232 1.071184705243e+17
1233 5.114449327452e+17
1234 -3.611334036936e+19
1235 2.715470541520e+20
1236 3.172628979866e+18
1237 -3.989717792175e+18
1238 -2.614474999188e+18
1239 9.660485783560e+20
1240 2.573431908652e+20
1241 1.098106246153e+21
1242 -1.980745184428e+16
1243 -4.588570260039e+18
1244 1.093433373921e+16
1245 4.557573084737e+21
1246 2.340616918911e+18
1247 8.351439876647e+20
1248 2.391467523331e+17
1249 -3.639447275996e+17
1250 -5.317809704875e+17
1251 1.455178796686e+20
1252 4.005525727467e+20
1253 9.391656580781e+19
1254 3.713566840141e+17
1255 -5.155765097685e+17
1256 -2.880294740235e+17
1257 7.392253760448e+19
1258 3.142877196446e+20
1259 -3.859996079345e+18
1260 2.558849831897e+16
1261 1.484038786357e+17
1262 -2.809629284723e+16
1263 -1.378330724836e+18
1264 9.554006627794e+19
1265 1.279671686716e+18
1266 1.227915739874e+17
1267 -6.931831573273e+17
1268 3.739871376678e+17
1269 -4.452605687750e+17
1270 4.083058067151e+20
1271 9.791588386554e+19
1272 2.321321474848e+16
1273 -1.248533720353e+17
1274 1.425216014783e+16
1275 2.560454556991e+20
1276 2.090862401033e+19
1277 2.686910207399e+20
1278 9.150191847773e+16
1279 -3.995819258393e+17
1280 -2.396838798259e+17
1281 6.561313941457e+19
1282 2.731725004531e+19
1283 7.298499335058e+18
1284 -4.256889254692e+16
1285 -5.438161054688e+18
1286 3.250702098564e+16
1287 8.124715538893e+20
1288 1.876545773151e+19
1289 4.233032647886e+21
1290 4.181001165530e+17
1291 -5.701542724493e+17
1292 3.635102269271e+17
1293 1.227820962181e+20
1294 2.526644192370e+20
1295 8.242717823892e+19
1296 5.535350549479e+16
1297 -2.866272072986e+17
1298 7.597807028236e+16
1299 2.441246587789e+20
1300 2.183571014314e+19
1301 2.477354491912e+20
1302 4.726813129489e+17
1303 -5.316821838862e+17
1304 -4.545132079566e+16
1305 1.077572871984e+19
1306 1.261007292492e+20
1307 8.781922442564e+19
1308 -1.365178558973e+16
1309 5.500000000000e+01
1310 1.345081791210e+16
1311 3.474757827499e+19
1312 2.224748798638e+17
1313 3.546465413585e+19
1314 -5.987159141630e+14
1315 -2.134117727430e+13
1316 4.796613093111e+14
1317 7.808600486692e+18
1318 1.967765359236e+18
1319 7.400169278853e+18
1320 -1.579892705469e+14
1321 1.512909684470e+14
1322 1.759903693965e+14
1323 6.095380776091e+18
1324 6.534780729280e+16
1325 6.206218971842e+18
1326 -2.998808830679e+16
1327 8.327700341291e+16
1328 8.711630926863e+15
1329 2.698239332904e+19
1330 -3.141819718636e+18
1331 1.769566515013e+20
1332 4.211260261889e+16
1333 -2.161220617540e+17
1334 -5.212922012868e+16
1335 2.272367463679e+19
1336 -6.506162616345e+17
1337 2.195208446051e+19
1338 1.366725517892e+18
1339 4.345417624320e+18
1340 -8.029014389233e+17
1341 1.004233838646e+21
1342 5.881557175700e+20
1343 1.093601108003e+21
1344 -9.741490848144e+15
1345 -3.399697119796e+17
1346 -4.505381124322e+15
1347 2.751871893937e+20
1348 9.133422964260e+17
1349 3.939423966161e+19
1350 -2.037098962455e+18
1351 -7.711958516276e+17
1352 4.808842583549e+17
1353 7.779355805325e+19
1354 2.243213273874e+20
1355 2.140115480800e+21
1356 -5.343415027805e+17
1357 -1.594959487990e+19
1358 2.188717472025e+17
1359 1.255975166154e+21
1360 5.094816186279e+19
1361 2.434013759063e+21
1362 6.491219999963e+17
1363 -1.082176189530e+18
1364 -8.531281577896e+16
1365 1.813216330051e+20
1366 3.141504969084e+19
1367 2.882841178617e+19
1368 -6.961206139603e+17
1369 -1.025223868254e+18
1370 3.002508021259e+18
1371 1.611591512619e+21
1372 4.687234525990e+20
1373 5.395339283343e+19
1374 -1.754148061335e+16
1375 -4.286255648186e+17
1376 4.631657470503e+15
1377 1.110785135890e+19
1378 -1.986776357081e+18
1379 3.281513983234e+20
1380 6.100000000000e+01
1381 6.100000000000e+01
1382 1.812053001371e+18
1383 8.331932723970e+20
1384 2.203581090608e+18
1385 1.080697374120e+21
1386 -6.221874711581e+16
1387 -2.680529460021e+18
1388 1.042987230270e+18
1389 3.289383278753e+21
1390 1.255800348265e+20
1391 7.085950435010e+18
1392 -4.323171661219e+16
1393 1.443869387663e+16
1394 9.682398603671e+15
1395 1.826056846723e+19
1396 -4.219452998678e+18
1397 1.180411527477e+21
1398 3.105459635211e+17
1399 -3.444568504130e+18
1400 -6.411631668100e+17
1401 6.431752111352e+20
1402 2.405414693765e+20
1403 5.370253514057e+20
1404 2.696493370024e+16
1405 -4.240479918827e+17
1406 -1.151889451823e+17
1407 1.236102270594e+20
1408 4.865866892366e+19
1409 1.242786110421e+20
1410 -2.812646432329e+15
1411 -9.284380054187e+15
1412 7.518781376731e+16
1413 1.417581885449e+21
1414 1.080516506542e+19
1415 1.917235408298e+19
1416 -6.952658992530e+17
1417 -2.758499310064e+18
1418 9.665514655885e+16
1419 1.203947657527e+19
1420 -8.138484229756e+19
1421 3.206204185909e+21
1422 1.783370244044e+17
1423 -3.272348527423e+18
1424 -3.146528696574e+17
1425 5.572187714359e+20
1426 1.602573170547e+20
1427 6.433941964387e+20
1428 -1.498989610306e+15
1429 -4.533180511428e+17
1430 3.077204864546e+16
1431 3.265217381439e+20
1432 5.088044889663e+18
1433 1.163339359699e+19
1434 -2.859147214502e+15
1435 1.371714523758e+17
1436 2.714398541086e+16
1437 1.021610245704e+20
1438 2.748225514553e+18
1439 -1.841759729835e+16
1440 -4.959169281505e+16
1441 6.000000000000e+01
1442 3.537106036270e+16
1443 1.890689353776e+20
1444 6.836334206779e+17
1445 6.246952937681e+19
1446 5.866000447940e+17
1447 -2.819721675035e+18
1448 6.852430402931e+17
1449 1.341040922523e+20
1450 4.477329427769e+19
1451 1.455559615761e+20
1452 3.948080131813e+17
1453 -4.907762625848e+17
1454 1.658953839484e+17
1455 6.376156478270e+19
1456 9.003682730496e+19
1457 1.532700639957e+20
1458 -2.668066699002e+17
1459 6.000000000000e+01
1460 1.111102373394e+16
1461 2.417987487315e+20
1462 3.752325417041e+18
1463 6.643837412720e+20
1464 -1.407479314313e+18
1465 -1.078359532251e+18
1466 5.950987350224e+17
1467 4.188854234523e+19
1468 -1.852992362986e+20
1469 9.463912131048e+20
1470 2.426415417068e+18
1471 -6.001412697907e+17
1472 -2.336784912208e+18
1473 8.780773090391e+20
1474 -1.006313192662e+20
1475 7.020185419867e+20
1476 5.449372048179e+14
1477 -7.340690198443e+17
1478 2.708836140015e+15
1479 6.593511593186e+18
1480 3.373178828535e+18
1481 6.983390917357e+20
1482 -5.173443019647e+16
1483 -7.518970355169e+18
1484 4.385510395734e+17
1485 1.458672308188e+21
1486 1.775666482320e+19
1487 1.537620689155e+20
1488 -3.461288666914e+17
1489 -6.899488119709e+17
1490 7.913742768032e+17
1491 4.224250236873e+20
1492 -1.145948575405e+20
1493 2.838358560947e+19
1494 -5.824433837518e+16
1495 -1.574228681556e+17
1496 1.797916521035e+16
1497 2.050320944080e+19
1498 6.736587917574e+18
1499 1.869440287711e+20
1500 -6.367480727361e+16
1501 -6.131004606685e+18
1502 7.713615239752e+16
1503 7.882465292892e+20
1504 6.527594478176e+18
1505 7.777997304585e+20
1506 -3.795986025378e+16
1507 -4.730869432663e+17
1508 7.876571539467e+16
1509 3.066958633490e+20
1510 -1.239673359255e+19
1511 1.560997344484e+19
1512 7.348080902327e+17
1513 6.867459857674e+16
1514 -5.576404684357e+17
1515 3.917924014901e+20
1516 6.468749627232e+19
1517 4.415298590801e+20
1518 1.816307495085e+17
1519 4.986792381019e+17
1520 -9.521966876953e+16
1521 1.344250502139e+20
1522 5.471430556973e+19
1523 1.511000718617e+20
1524 -1.880068853457e+17
1525 -4.645926717298e+17
1526 1.414081518950e+16
1527 1.238929882176e+19
1528 2.190796303939e+19
1529 3.606746518730e+20
1530 -1.560335108375e+16
1531 -1.612427884208e+17
1532 2.675855130659e+16
1533 1.674071833263e+20
1534 -3.779548772111e+18
1535 2.067263555457e+19
1536 -4.215780148054e+17
1537 -7.206558414501e+18
1538 1.101552579182e+17
1539 1.732736928403e+20
1540 2.145550826707e+18
1541 1.450309262487e+21
1542 1.955550036894e+18
1543 3.231862784384e+17
1544 -4.051886391682e+17
1545 5.880349904359e+20
1546 4.154781893039e+20
1547 5.939795648002e+20
1548 6.377978167843e+14
1549 -7.560000432440e+17
1550 3.626117810806e+15
1551 6.839126643802e+20
1552 3.292413405527e+18
1553 6.005823235941e+18
1554 -1.871683768018e+18
1555 -6.314822968111e+17
1556 5.056315988233e+17
1557 5.737034779451e+19
1558 2.557986058354e+20
1559 7.376912203731e+20
1560 -7.448448381341e+16
1561 3.974909797950e+17
1562 4.401657776905e+17
1563 3.593273324741e+20
1564 4.623040051118e+19
1565 -2.701902472471e+18
1566 -1.434985448883e+18
1567 5.500000000000e+01
1568 5.500000000000e+01
1569 1.093845185191e+21
1570 2.273751253727e+18
1571 7.267455512561e+20
1572 5.400000000000e+01
1573 5.500000000000e+01
1574 -9.519502253677e+16
1575 3.907662809069e+19
1576 9.472150109142e+18
1577 4.098484742526e+20
1578 1.968801522238e+17
1579 -3.731625378089e+17
1580 -1.039589425517e+16
1581 -6.251153706847e+17
1582 -1.908526164022e+19
1583 6.032708228860e+19
1584 8.655358465330e+16
1585 -1.107488986698e+17
1586 -8.073777229103e+16
1587 -5.444603605338e+16
1588 8.758777041220e+18
1589 -2.590087425142e+17
1590 -2.696086171100e+16
1591 -4.166628194645e+16
1592 5.882064471388e+16
1593 1.947220633398e+20
1594 7.159504859448e+17
1595 2.280407593804e+20
1596 1.552823099249e+17
1597 -4.482043538890e+17
1598 -8.304424252191e+17
1599 1.590758245706e+20
1600 2.946999457404e+20
1601 6.253579693976e+19
1602 1.060034345916e+18
1603 -3.142042206381e+17
1604 -9.804238498670e+17
1605 3.144106783683e+19
1606 3.155333553110e+20
1607 -1.386383510932e+19
1608 4.407922979201e+16
1609 2.058726803945e+17
1610 -4.493653184303e+16
1611 -2.480533307230e+18
1612 2.442916865781e+20
1613 2.253880580431e+18
1614 -9.687079796891e+17
1615 -5.537601766530e+17
1616 1.095946561491e+18
1617 -9.760511732138e+18
1618 3.427646677306e+20
1619 4.499651918284e+19
1620 -5.765391467746e+16
1621 -2.158341093864e+17
1622 3.554184748491e+16
1623 2.127214453221e+20
1624 -9.902936715296e+17
1625 1.827187586165e+20
1626 -3.229766062829e+16
1627 -8.497984089654e+17
1628 1.782781060835e+17
1629 1.422558447842e+20
1630 1.843693009674e+20
1631 1.261417524224e+19
1632 -4.861848156701e+16
1633 6.565590823670e+16
1634 5.471739015638e+16
1635 1.180225918692e+18
1636 9.582639467831e+18
1637 -8.879435054289e+17
1638 2.528824629683e+17
1639 -6.472796132824e+17
1640 1.221611047878e+17
1641 1.736814667526e+19
1642 6.934015525500e+19
1643 7.660474611760e+19
1644 5.805107274521e+16
1645 6.000000000000e+01
1646 6.300000000000e+01
1647 4.390084956011e+20
1648 -6.156403961719e+18
1649 8.464174855084e+19
1650 -4.147407540331e+16
1651 5.630740700572e+16
1652 1.573701071082e+16
1653 8.646909010288e+17
1654 -5.515377058106e+18
1655 1.825763222693e+20
1656 4.177674815393e+17
1657 -4.590619237699e+17
1658 -4.992533917669e+17
1659 1.295113459939e+20
1660 3.825615981707e+19
1661 1.006085660260e+20
1662 -2.824917865985e+16
1663 4.542975133427e+16
1664 1.002596686071e+18
1665 3.456215050071e+20
1666 1.165584497226e+20
1667 5.750287406272e+18
1668 -6.954680011720e+15
1669 8.780497168421e+16
1670 -5.517089597786e+14
1671 1.377475824794e+19
1672 -1.532210521489e+18
1673 3.000831003166e+20
1674 2.052254929704e+16
1675 -1.909937929548e+17
1676 2.789219597674e+15
1677 1.625522279371e+19
1678 3.207689273267e+18
1679 1.605192539950e+19
1680 8.476014281595e+15
1681 3.837885126251e+16
1682 2.481858542402e+16
1683 2.937475223263e+20
1684 3.278409118619e+18
1685 6.872485793706e+18
1686 -2.091724451671e+17
1687 5.971987565509e+16
1688 1.651425046741e+17
1689 3.012349354355e+19
1690 -3.940956705443e+19
1691 1.415226225753e+20
1692 3.047777268797e+17
1693 -2.310943089467e+17
1694 -2.444263069143e+17
1695 7.690762366818e+19
1696 -1.337891047278e+19
1697 8.923617083068e+19
1698 -1.472943443198e+16
1699 5.159505245486e+16
1700 5.283007803549e+16
1701 1.930372972035e+20
1702 6.732642852776e+18
1703 8.747384507053e+17
1704 5.600000000000e+01
1705 5.800000000000e+01
1706 1.692369734627e+17
1707 8.895602736338e+19
1708 3.927606738683e+18
1709 4.354747280549e+20
1710 -1.245257480838e+16
1711 -2.572596739464e+17
1712 6.953310109978e+15
1713 9.773285636967e+18
1714 3.497566784665e+18
1715 6.496122011462e+20
1716 -8.173391305290e+15
1717 -7.620280048906e+17
1718 1.023394714627e+16
1719 1.685756640303e+20
1720 1.340860645214e+18
1721 1.723570654770e+20
1722 -8.419357725720e+15
1723 -3.327593568443e+17
1724 4.278291052041e+16
1725 1.323828094075e+20
1726 -3.941934166735e+18
1727 2.059159962086e+19
1728 3.945753498945e+16
1729 1.528614342750e+17
1730 -3.137597043288e+16
1731 1.569997251466e+19
1732 2.102905590686e+18
1733 1.606418201546e+19
1734 -6.222224064052e+15
1735 -2.278353939853e+17
1736 1.237126313549e+16
1737 6.225066786722e+20
1738 2.814451243913e+18
1739 7.128010070575e+18
1740 -4.981758530065e+16
1741 -3.237595878738e+17
1742 8.255879116348e+15
1743 2.083094937337e+19
1744 5.963852922462e+18
1745 1.334762960971e+20
1746 -1.602631208934e+17
1747 5.500000000000e+01
1748 5.600000000000e+01
1749 4.191517297787e+20
1750 -5.838240555702e+17
1751 7.118260246639e+19
1752 -5.756592738794e+16
1753 5.200000000000e+01
1754 1.466591699356e+15
1755 2.619074953493e+19
1756 3.376043468924e+18
1757 3.357955154532e+20
1758 3.369789208838e+16
1759 -3.733894655523e+16
1760 1.435080948285e+16
1761 1.242555001639e+18
1762 -3.660941195101e+18
1763 1.226499626892e+19
1764 -2.645153873968e+13
1765 -6.455990870478e+15
1766 1.238843151145e+14
1767 -6.989881385794e+16
1768 2.875024802241e+16
1769 6.554632180959e+16
1770 -1.235635163754e+16
1771 -4.668434595854e+16
1772 -3.067440202445e+16
1773 1.169646711283e+19
1774 4.734596927029e+18
1775 3.232609700887e+18
1776 1.379528006827e+16
1777 5.900000000000e+01
1778 6.296709310782e+16
1779 3.498170569114e+20
1780 5.207799272034e+17
1781 2.941592106451e+19
1782 -2.930308269339e+16
1783 -2.418633571692e+17
1784 3.946023222080e+15
1785 2.165001093152e+17
1786 -1.764321499839e+18
1787 1.386586231314e+20
1788 1.592026400981e+16
1789 -1.304859037446e+17
1790 -1.475880804498e+16
1791 1.041570164946e+19
1792 3.127942874761e+17
1793 9.311769651549e+18
1794 -2.615491032274e+15
1795 -2.251630508254e+17
1796 3.249323512167e+16
1797 1.412085688713e+20
1798 2.827384777059e+18
1799 1.880625164611e+17
1800 -2.028297615519e+16
1801 5.200000000000e+01
1802 2.270406352560e+16
1803 4.434988857815e+19
1804 2.538170509284e+17
1805 4.489185156254e+19
