0 1.000000000000e+00
1 1.020405707040e-01
2 3.919089308493e-02
3 2.170804093878e-02
4 1.464362954307e-02
5 1.325876142993e-02
6 1.303585677678e-02
7 1.316019102391e-02
8 1.251872083524e-02
9 9.829198159366e-03
10 7.822595423297e-03
11 6.492003412683e-03
12 5.672378517613e-03
13 5.239495399947e-03
14 4.979047491473e-03
15 4.656886715995e-03
16 4.130766768856e-03
17 3.567404599637e-03
18 3.135632161632e-03
19 2.774429271823e-03
20 2.476577065114e-03
21 2.298182361979e-03
22 2.145029572231e-03
23 2.055993798462e-03
24 1.909413143772e-03
25 1.744559929093e-03
26 1.611928090220e-03
27 1.481169497385e-03
28 1.316702178268e-03
29 1.216228704993e-03
30 1.142401859715e-03
31 1.102035354144e-03
32 1.038245935825e-03
33 9.547877973993e-04
34 9.021473657153e-04
35 8.487138986787e-04
36 7.612990514858e-04
37 7.394190047277e-04
38 7.163164976655e-04
39 6.508708788362e-04
40 6.259863465912e-04
41 6.040650153363e-04
42 5.551443960025e-04
43 5.188528312936e-04
44 5.000954722957e-04
45 4.623172755825e-04
46 4.307021343969e-04
47 4.269751001235e-04
48 3.997742993128e-04
49 3.635662933791e-04
50 3.703079513481e-04
51 3.622434614099e-04
52 3.164002471654e-04
53 3.266483518706e-04
54 3.263605475020e-04
55 2.814302939789e-04
56 2.892954259171e-04
57 2.973868131995e-04
58 2.629272317781e-04
59 2.527303435710e-04
60 2.579097374664e-04
61 2.370851835136e-04
62 2.209614962978e-04
63 2.259626622214e-04
64 2.170461821110e-04
65 1.948803392891e-04
66 1.934260371884e-04
67 1.933227604273e-04
68 1.721406194166e-04
69 1.698581694543e-04
70 1.684582970667e-04
71 1.469206217707e-04
72 1.504310895616e-04
73 1.547505693209e-04
74 1.331722365477e-04
75 1.381224105158e-04
76 1.427273479139e-04
77 1.217548757498e-04
78 1.253750384657e-04
79 1.315146500407e-04
80 1.141477408394e-04
81 1.145393088095e-04
82 1.194980157770e-04
83 1.065275547356e-04
84 1.071203617174e-04
85 1.154564294017e-04
86 1.025328847046e-04
87 1.003802636703e-04
88 1.039373328021e-04
89 9.177539696358e-05
90 8.548921076124e-05
91 9.289582562280e-05
92 8.498089592274e-05
93 7.634944055876e-05
94 8.401498661890e-05
95 7.679115553673e-05
96 6.771495392075e-05
97 7.549400802808e-05
98 7.017892865647e-05
99 6.340562072003e-05
100 6.734979751218e-05
101 6.198607443010e-05
102 5.939681737415e-05
103 6.333418325457e-05
104 5.874097931031e-05
105 5.824038469242e-05
106 5.933215277138e-05
107 5.275538062545e-05
108 5.479040767646e-05
109 5.625057737046e-05
110 5.066481317187e-05
111 5.022061491751e-05
112 5.066076620256e-05
113 4.913700467723e-05
114 4.857814413386e-05
115 4.883073012263e-05
116 4.674976068221e-05
117 4.454541121010e-05
118 4.396183865125e-05
119 4.301441158366e-05
120 4.143460760587e-05
121 4.167744030819e-05
122 3.958989651742e-05
123 3.795484428019e-05
124 3.974966748538e-05
125 3.712313693931e-05
126 3.620950307603e-05
127 3.706189495243e-05
128 3.434481073271e-05
129 3.429095341381e-05
130 3.464726733529e-05
131 3.105656764308e-05
132 3.310798786350e-05
133 3.253774644917e-05
134 2.963700774591e-05
135 3.179783437742e-05
136 3.023025670652e-05
137 2.814207920497e-05
138 2.992684513934e-05
139 2.749151926284e-05
140 2.690963626489e-05
141 2.827945024194e-05
142 2.508402707652e-05
143 2.673049304282e-05
144 2.702509601106e-05
145 2.465010411932e-05
146 2.568971208126e-05
147 2.417509565336e-05
148 2.363067944765e-05
149 2.451438253004e-05
150 2.230414835548e-05
151 2.314360885752e-05
152 2.381742855127e-05
153 2.239278983040e-05
154 2.277190639376e-05
155 2.287417265887e-05
156 2.217725920866e-05
157 2.230167325651e-05
158 2.256389085293e-05
159 2.150273678977e-05
160 2.146488617370e-05
161 2.281277004162e-05
162 2.051708508159e-05
163 2.002345441793e-05
164 2.195379151849e-05
165 1.961591925249e-05
166 1.972223461010e-05
167 2.041440961292e-05
168 1.791037175969e-05
169 1.961668110722e-05
170 1.934103726556e-05
171 1.654268868221e-05
172 1.853250662810e-05
173 1.799907772128e-05
174 1.730293176271e-05
175 1.773171226543e-05
176 1.652863673664e-05
177 1.649891142194e-05
178 1.709621221571e-05
179 1.686351541211e-05
180 1.643796013225e-05
181 1.690506172547e-05
182 1.636928528056e-05
183 1.636958559820e-05
184 1.721411560039e-05
185 1.551040655513e-05
186 1.545370726575e-05
187 1.672503080685e-05
188 1.487015267794e-05
189 1.522557220852e-05
190 1.575433444124e-05
191 1.426258714230e-05
192 1.468296441093e-05
193 1.415873089309e-05
194 1.401652014212e-05
195 1.501613745973e-05
196 1.382761883242e-05
197 1.375389372437e-05
198 1.462814454896e-05
199 1.335818544361e-05
200 1.358472523699e-05
201 1.387978611160e-05
202 1.294387687857e-05
203 1.344915376166e-05
204 1.345211233852e-05
205 1.263600113151e-05
206 1.229490853235e-05
207 1.285207853644e-05
208 1.241357955193e-05
209 1.245737104973e-05
210 1.235681022026e-05
211 1.209725588892e-05
212 1.236026986721e-05
213 1.161467500982e-05
214 1.211189486569e-05
215 1.192992580729e-05
216 1.092763749590e-05
217 1.190582031344e-05
218 1.148940868081e-05
219 1.094027416503e-05
220 1.127100010453e-05
221 1.051432727233e-05
222 1.101767127101e-05
223 1.104258372455e-05
224 1.039828487085e-05
225 1.076329085443e-05
226 1.070076851099e-05
227 1.039743101750e-05
228 1.065291035175e-05
229 1.051075333371e-05
230 9.907106041628e-06
231 9.905000119854e-06
232 1.038445688902e-05
233 9.687991334297e-06
234 9.704244029900e-06
235 1.020893035975e-05
236 9.218514910994e-06
237 9.960112447980e-06
238 9.731924647612e-06
239 9.262977478169e-06
240 9.763901527676e-06
241 9.086205083087e-06
242 9.431475563500e-06
243 9.314038818197e-06
244 8.939894183547e-06
245 9.417241476531e-06
246 8.948358172398e-06
247 8.913171794361e-06
248 9.172249452789e-06
249 8.634403037656e-06
250 8.779339317200e-06
251 8.636952205400e-06
252 8.336911626410e-06
253 8.855614976514e-06
254 8.779020932496e-06
255 8.148776178596e-06
256 8.808659505822e-06
257 7.918794274542e-06
258 8.026926671808e-06
259 8.512052568560e-06
260 7.741945238061e-06
261 8.566766860585e-06
262 8.103167936875e-06
263 7.679720287639e-06
264 8.694144609930e-06
265 7.617188263847e-06
266 8.010504375147e-06
267 8.230525565502e-06
268 7.384513831317e-06
269 8.164847152109e-06
270 7.738385647157e-06
271 7.630823907772e-06
272 7.760770337142e-06
273 7.512934991624e-06
274 7.505218622485e-06
275 7.235246697186e-06
276 7.342742874917e-06
277 7.388065335858e-06
278 7.163933220124e-06
279 7.152073781706e-06
280 7.354028054771e-06
281 6.834399176320e-06
282 7.266459786017e-06
283 7.332264272592e-06
284 6.696635382532e-06
285 7.324161474967e-06
286 6.896682077898e-06
287 6.659968342701e-06
288 6.941284113360e-06
289 6.559929119573e-06
290 7.127945533474e-06
291 6.595800785681e-06
292 6.764071566827e-06
293 6.918215067742e-06
294 6.262437323510e-06
295 7.063608676110e-06
296 6.496723421321e-06
297 6.593244165181e-06
298 6.750960609042e-06
299 6.277471757601e-06
300 6.591259401944e-06
301 6.077574078176e-06
302 6.415622686332e-06
303 6.334151934324e-06
304 6.060537638404e-06
305 6.374177325319e-06
306 6.061846830039e-06
307 5.853739289570e-06
308 6.358098252487e-06
309 6.157427392787e-06
310 6.107260220356e-06
311 6.380000411333e-06
312 6.049493878294e-06
313 5.775251711916e-06
314 6.197774025669e-06
315 5.747547521936e-06
316 6.004080254101e-06
317 5.968026182446e-06
318 5.788369464173e-06
319 5.840065701995e-06
320 5.847353194257e-06
321 5.995459848645e-06
322 5.619411810929e-06
323 5.933334567118e-06
324 5.795993923869e-06
325 5.643021391019e-06
326 6.235011621438e-06
327 5.789542348312e-06
328 5.866911198696e-06
329 5.905044702490e-06
330 5.806524163839e-06
331 6.342407519744e-06
332 5.794824037833e-06
333 6.082624502547e-06
334 5.784545388521e-06
335 5.836926925333e-06
336 6.057578084615e-06
337 5.693400644536e-06
338 6.012869408398e-06
339 5.805728878110e-06
340 5.663747174070e-06
341 5.964813072043e-06
342 5.645013401537e-06
343 5.713762751488e-06
344 5.927679842116e-06
345 5.531552387214e-06
346 5.997251996797e-06
347 5.545453880881e-06
348 5.579915189355e-06
349 5.585440885604e-06
350 5.444112901462e-06
351 5.665265472664e-06
352 5.409454414565e-06
353 5.782069390408e-06
354 5.311728940370e-06
355 5.600710749534e-06
356 5.529743800764e-06
357 5.173363240514e-06
358 5.825314197323e-06
359 4.929181663819e-06
360 5.745391296603e-06
361 5.134664088334e-06
362 5.400253647840e-06
363 5.347867881520e-06
364 5.068841104540e-06
365 5.637725246775e-06
366 4.908188232975e-06
367 5.461822471490e-06
368 5.013636095751e-06
369 5.276630118145e-06
370 5.376742728695e-06
371 4.974803047685e-06
372 5.401077530256e-06
373 4.829763632526e-06
374 5.283914598525e-06
375 4.952796865994e-06
376 5.061767185141e-06
377 5.074226902759e-06
378 5.077744023239e-06
379 4.982230095248e-06
380 5.104378854354e-06
381 4.935140869490e-06
382 5.128611467395e-06
383 4.804076019723e-06
384 5.197128436264e-06
385 4.735432194557e-06
386 4.983652346131e-06
387 4.813165755853e-06
388 4.681324076584e-06
389 5.004126884152e-06
390 4.506341322810e-06
391 5.052748360152e-06
392 4.574719850753e-06
393 4.765705403966e-06
394 4.655294416761e-06
395 4.501128633709e-06
396 4.731717126198e-06
397 4.285108960647e-06
398 4.801072714356e-06
399 4.024789241758e-06
400 4.807997887265e-06
401 4.065020495166e-06
402 4.749941423060e-06
403 4.297251451721e-06
404 4.575647197785e-06
405 4.538937581782e-06
406 4.436989683448e-06
407 4.525290278232e-06
408 4.398092096360e-06
409 4.437759437676e-06
410 4.398362436651e-06
411 4.318485641011e-06
412 4.450496837908e-06
413 4.218833475529e-06
414 4.621189351327e-06
415 4.057877192197e-06
416 4.740043328081e-06
417 3.874105758284e-06
418 4.841300704358e-06
419 3.784079644507e-06
420 5.052410718328e-06
421 3.711745734386e-06
422 4.997205559545e-06
423 3.900554447120e-06
424 4.674243408471e-06
425 4.267506335125e-06
426 4.279783930375e-06
427 4.672154583985e-06
428 3.930399995034e-06
429 4.925279913472e-06
430 3.827895268799e-06
431 4.865329709348e-06
432 3.997136012540e-06
433 4.555624961543e-06
434 4.262535199886e-06
435 4.236902317310e-06
436 4.536984143536e-06
437 4.021073263186e-06
438 4.650535444628e-06
439 4.019239919324e-06
440 4.531034085753e-06
441 4.122039614787e-06
442 4.391817460907e-06
443 4.267135254623e-06
444 4.288418919055e-06
445 4.313637131332e-06
446 4.258085833460e-06
447 4.155168335755e-06
448 4.329958303009e-06
449 4.014966685338e-06
450 4.387344534806e-06
451 3.992061069272e-06
452 4.299303374267e-06
453 4.071407126892e-06
454 4.040664750734e-06
455 4.231701130642e-06
456 3.817714885925e-06
457 4.261919725040e-06
458 3.779057218752e-06
459 4.305450183932e-06
460 3.817518657119e-06
461 4.091725450460e-06
462 4.126852085114e-06
463 3.770149251956e-06
464 4.459347332179e-06
465 3.641287144968e-06
466 4.372658176428e-06
467 3.838187759354e-06
468 4.065342820263e-06
469 4.156902682782e-06
470 3.816422891788e-06
471 4.195167706190e-06
472 3.817554056335e-06
473 4.039232957209e-06
474 3.925976308685e-06
475 3.858783502898e-06
476 4.014427559201e-06
477 3.872743726438e-06
478 3.860389353817e-06
479 3.969679859301e-06
480 3.774253120937e-06
481 3.894040214918e-06
482 3.848531417475e-06
483 3.687512581116e-06
484 3.952598461640e-06
485 3.621231840655e-06
486 3.912376235051e-06
487 3.736957857550e-06
488 3.625962521715e-06
489 3.930124579567e-06
490 3.545014707281e-06
491 3.770560852068e-06
492 3.645937836361e-06
493 3.550364959177e-06
494 3.724033495338e-06
495 3.426809144988e-06
496 3.641416124843e-06
497 3.533329440748e-06
498 3.457218135560e-06
499 3.631610016702e-06
500 3.375442390419e-06
501 3.637178137627e-06
502 3.416779330679e-06
503 3.479514044932e-06
504 3.597062630530e-06
505 3.313098403333e-06
506 3.495350767595e-06
507 3.356993413046e-06
508 3.447203477097e-06
509 3.409086708046e-06
510 3.259399613899e-06
511 3.588211898782e-06
512 3.240006153168e-06
513 3.473250162770e-06
514 3.340183630433e-06
515 3.342592063667e-06
516 3.387357387384e-06
517 3.271289464058e-06
518 3.388895772806e-06
519 3.270815998491e-06
520 3.342517296105e-06
521 3.334709811226e-06
522 3.294493974679e-06
523 3.306082889281e-06
524 3.270373349297e-06
525 3.267493425526e-06
526 3.246551024012e-06
527 3.265634864597e-06
528 3.229255141354e-06
529 3.213520136463e-06
530 3.236433576104e-06
531 3.261518568469e-06
532 3.208836119727e-06
533 3.191929275121e-06
534 3.234244852973e-06
535 3.158927769068e-06
536 3.227984548062e-06
537 3.287165586940e-06
538 3.071541115053e-06
539 3.175834353893e-06
540 3.124161711870e-06
541 3.022540883069e-06
542 3.187813443352e-06
543 2.946975133431e-06
544 3.159536379631e-06
545 3.001563724082e-06
546 3.040242037313e-06
547 3.093527783260e-06
548 2.952182519631e-06
549 3.223945275694e-06
550 2.909696196346e-06
551 3.113168058465e-06
552 2.992205538303e-06
553 2.972959098665e-06
554 3.104307481457e-06
555 2.874211703357e-06
556 3.091706881704e-06
557 2.901579548399e-06
558 2.962671018750e-06
559 3.062674190024e-06
560 2.816533048437e-06
561 3.072263965206e-06
562 2.878120196962e-06
563 2.893255152750e-06
564 3.004263316844e-06
565 2.758081230501e-06
566 3.008416324500e-06
567 2.831906251424e-06
568 2.851923367294e-06
569 2.966925738822e-06
570 2.745566538224e-06
571 2.956410623903e-06
572 2.802352440694e-06
573 2.807047766568e-06
574 2.887718762609e-06
575 2.747307223225e-06
576 2.855431358701e-06
577 2.773298225304e-06
578 2.776123883428e-06
579 2.827895996541e-06
580 2.763428243213e-06
581 2.806033310559e-06
582 2.800667090619e-06
583 2.744190400291e-06
584 2.809338912030e-06
585 2.721369657389e-06
586 2.708803050776e-06
587 2.778806806722e-06
588 2.662175386614e-06
589 2.757495070516e-06
590 2.739066025379e-06
591 2.702588947137e-06
592 2.784223174957e-06
593 2.641864405048e-06
594 2.728660059036e-06
595 2.669158101240e-06
596 2.599259694529e-06
597 2.739866545137e-06
598 2.595626893840e-06
599 2.670442792599e-06
600 2.694299531694e-06
601 2.602119619195e-06
602 2.699497166722e-06
603 2.563740780862e-06
604 2.591145878707e-06
605 2.627858665799e-06
606 2.530141504158e-06
607 2.628530487029e-06
608 2.561192967480e-06
609 2.540237445153e-06
610 2.602195325348e-06
611 2.502602186804e-06
612 2.535526599122e-06
613 2.552328042826e-06
614 2.487955282561e-06
615 2.525766727439e-06
616 2.507814243153e-06
617 2.477434404121e-06
618 2.515639906504e-06
619 2.465667185659e-06
620 2.448241106052e-06
621 2.490013384727e-06
622 2.421738954687e-06
623 2.462147146094e-06
624 2.446381250162e-06
625 2.394410293090e-06
626 2.489196990795e-06
627 2.386981624611e-06
628 2.422076626942e-06
629 2.443389629742e-06
630 2.325208778210e-06
631 2.449377082143e-06
632 2.391104292436e-06
633 2.353129474885e-06
634 2.399706505620e-06
635 2.351329020801e-06
636 2.377610859185e-06
637 2.340729004765e-06
638 2.320497351310e-06
639 2.350278536979e-06
640 2.308681742789e-06
641 2.288627945741e-06
642 2.370582027838e-06
643 2.208786075142e-06
644 2.311279561920e-06
645 2.291745831674e-06
646 2.207895783419e-06
647 2.279812938068e-06
648 2.244550698087e-06
649 2.242224591965e-06
650 2.210823984439e-06
651 2.231367615154e-06
652 2.221377707906e-06
653 2.195780288168e-06
654 2.206238131515e-06
655 2.195349697468e-06
656 2.147811755796e-06
657 2.212095520609e-06
658 2.206238088283e-06
659 2.130651207441e-06
660 2.216515310168e-06
661 2.059990840589e-06
662 2.192185908553e-06
663 2.082612440410e-06
664 2.080296462998e-06
665 2.169365189110e-06
666 1.992246736747e-06
667 2.169725185104e-06
668 2.037688939033e-06
669 2.045076775904e-06
670 2.120712263498e-06
671 1.960697709604e-06
672 2.090100983238e-06
673 2.013513732470e-06
674 1.997453424879e-06
675 2.056589177775e-06
676 1.974479063993e-06
677 1.998287978522e-06
678 2.021108436445e-06
679 1.983863539580e-06
680 1.951344348032e-06
681 2.002817579911e-06
682 1.933423842179e-06
683 1.955180147244e-06
684 1.949689549096e-06
685 1.858214664921e-06
686 1.982037179713e-06
687 1.837706780048e-06
688 1.900214941423e-06
689 1.916913622258e-06
690 1.784583040332e-06
691 1.935662326912e-06
692 1.783675101013e-06
693 1.848227660885e-06
694 1.885489063829e-06
695 1.738892578381e-06
696 1.881546575376e-06
697 1.772650952494e-06
698 1.782833829295e-06
699 1.822563852916e-06
700 1.717862633699e-06
701 1.782116949154e-06
702 1.743759686156e-06
703 1.718550788359e-06
704 1.773233185304e-06
705 1.697153700579e-06
706 1.697352791489e-06
707 1.735857942924e-06
708 1.641298818629e-06
709 1.690386269216e-06
710 1.665275864383e-06
711 1.605698801784e-06
712 1.673545536102e-06
713 1.587418715687e-06
714 1.625225172780e-06
715 1.608447631198e-06
716 1.576165969524e-06
717 1.625862634843e-06
718 1.556323139718e-06
719 1.592066758345e-06
720 1.554006745919e-06
721 1.552948537856e-06
722 1.572699661272e-06
723 1.520880790399e-06
724 1.556445185100e-06
725 1.497580376279e-06
726 1.547530245301e-06
727 1.492973818739e-06
728 1.488976121167e-06
729 1.536171884879e-06
730 1.423464393577e-06
731 1.522877185111e-06
732 1.453353321192e-06
733 1.437685232150e-06
734 1.488729014385e-06
735 1.374272083678e-06
736 1.483384199834e-06
737 1.401322625725e-06
738 1.394046573876e-06
739 1.458753321034e-06
740 1.346170971292e-06
741 1.420835975560e-06
742 1.368150024396e-06
743 1.347908774479e-06
744 1.389384696487e-06
745 1.346131253910e-06
746 1.342217034707e-06
747 1.351443641386e-06
748 1.344613209482e-06
749 1.340014734217e-06
750 1.316316165377e-06
751 1.351268139004e-06
752 1.299770400740e-06
753 1.345253994038e-06
754 1.275860599942e-06
755 1.299444410981e-06
756 1.295457341482e-06
757 1.248499834655e-06
758 1.325019432136e-06
759 1.214832106468e-06
760 1.273145723060e-06
761 1.281933857655e-06
762 1.190928293065e-06
763 1.289917862831e-06
764 1.187785863090e-06
765 1.226893347333e-06
766 1.246440733547e-06
767 1.147044765442e-06
768 1.249602757504e-06
769 1.165531991655e-06
770 1.168851555349e-06
771 1.228088298380e-06
772 1.121400997170e-06
773 1.214261399433e-06
774 1.179916960593e-06
775 1.128469236000e-06
776 1.219409357608e-06
777 1.113995904138e-06
778 1.149687850571e-06
779 1.168665614259e-06
780 1.067279236752e-06
781 1.185384106047e-06
782 1.114875389710e-06
783 1.086810583298e-06
784 1.169557729758e-06
785 1.063930931992e-06
786 1.111423695550e-06
787 1.101853898976e-06
788 1.033780671135e-06
789 1.123590985879e-06
790 1.051547991510e-06
791 1.051560828536e-06
792 1.095044594298e-06
793 1.027862413877e-06
794 1.064481502753e-06
795 1.040329193986e-06
796 1.008699747191e-06
797 1.061974011761e-06
798 1.023119477115e-06
799 1.004768013314e-06
800 1.062067368117e-06
801 1.004944404359e-06
802 1.023760927655e-06
803 1.036373958195e-06
804 9.486482444108e-07
805 1.045123143658e-06
806 9.802007618586e-07
807 9.613579139763e-07
808 1.037969852194e-06
809 9.138107473534e-07
810 1.024941775436e-06
811 9.762082473809e-07
812 9.173885294236e-07
813 1.032545596679e-06
814 8.923854982758e-07
815 9.707666362690e-07
816 9.610201658832e-07
817 8.835962099646e-07
818 1.006638736425e-06
819 9.010627232369e-07
820 9.263210271387e-07
821 9.636182633990e-07
822 8.802414464094e-07
823 9.657086442160e-07
824 9.204524229714e-07
825 9.217483846538e-07
826 9.516268924379e-07
827 8.818447102799e-07
828 9.598001434717e-07
829 9.300905555810e-07
830 8.765568499042e-07
831 9.687375305993e-07
832 8.700128279764e-07
833 9.186224660667e-07
834 9.206012090921e-07
835 8.868452439552e-07
836 9.232804242953e-07
837 8.831518771791e-07
838 9.119331878892e-07
839 9.029239189996e-07
840 9.018705233620e-07
841 8.664000088954e-07
842 9.007895212928e-07
843 8.774122451879e-07
844 8.543654567090e-07
845 8.926882604819e-07
846 8.350895665949e-07
847 8.803179482060e-07
848 8.693760403123e-07
849 8.656515551623e-07
850 8.829033245836e-07
851 8.508304999800e-07
852 8.445446768667e-07
853 8.779606860510e-07
854 8.269568500553e-07
855 8.608996019850e-07
856 8.835046784594e-07
857 7.925192895527e-07
858 8.884670692776e-07
859 8.182227105661e-07
860 8.193439105714e-07
861 8.856366268627e-07
862 7.654516970321e-07
863 8.817498063958e-07
864 8.177977018998e-07
865 7.860181496280e-07
866 8.908743729500e-07
867 7.612195943387e-07
868 8.502781062209e-07
869 8.391166023714e-07
870 7.731728874264e-07
871 8.580175893748e-07
872 7.902590175983e-07
873 8.048963372569e-07
874 8.383488998246e-07
875 7.929918021196e-07
876 7.931315724816e-07
877 8.168515619297e-07
878 7.754277689796e-07
879 7.991024999919e-07
880 7.963776125663e-07
881 7.573075950417e-07
882 8.226659703314e-07
883 7.760236073764e-07
884 7.765911000128e-07
885 8.174242992006e-07
886 7.611350745041e-07
887 7.699459147493e-07
888 7.813468724258e-07
889 7.603379869264e-07
890 7.609464889775e-07
891 7.759443711540e-07
892 7.262969997423e-07
893 7.696830980268e-07
894 7.487031518346e-07
895 7.179837085467e-07
896 7.848589746885e-07
897 7.205088860312e-07
898 7.417572125456e-07
899 7.599285942627e-07
900 7.045156602736e-07
901 7.649300239264e-07
902 7.246208531319e-07
903 7.193469520796e-07
904 7.633345645258e-07
905 7.045248731886e-07
906 7.312431597328e-07
907 7.417396420004e-07
908 6.999845769365e-07
909 7.378566803198e-07
910 7.193608901166e-07
911 7.060842816707e-07
912 7.392788620786e-07
913 7.038122590532e-07
914 7.142472995607e-07
915 7.263508593372e-07
916 6.896545866323e-07
917 7.264247806561e-07
918 7.043410200773e-07
919 6.882984936471e-07
920 7.271136384415e-07
921 6.846807347246e-07
922 6.999328442325e-07
923 7.133449985944e-07
924 6.789593844366e-07
925 7.098667260243e-07
926 6.932069300921e-07
927 6.872993791000e-07
928 7.127011250177e-07
929 6.843338442729e-07
930 6.918063412116e-07
931 6.925740612863e-07
932 6.737568994421e-07
933 6.903379138006e-07
934 6.791677740766e-07
935 6.738701358339e-07
936 6.906364669556e-07
937 6.769083415402e-07
938 6.705234192124e-07
939 6.784776136425e-07
940 6.724961243818e-07
941 6.701645733234e-07
942 6.726295841437e-07
943 6.666666240129e-07
944 6.641807527027e-07
945 6.657854191195e-07
946 6.562142037526e-07
947 6.596879605599e-07
948 6.618811123512e-07
949 6.643088127870e-07
950 6.465208749232e-07
951 6.553762648669e-07
952 6.572557386373e-07
953 6.428859752074e-07
954 6.568562028265e-07
955 6.298739104153e-07
956 6.438566436318e-07
957 6.353118742663e-07
958 6.279183061184e-07
959 6.408311997697e-07
960 6.217373772636e-07
961 6.415968587803e-07
962 6.293691790824e-07
963 6.261748093579e-07
964 6.496752749077e-07
965 6.184162189204e-07
966 6.326880864081e-07
967 6.286665731615e-07
968 6.158677483553e-07
969 6.297809033447e-07
970 6.152363462798e-07
971 6.278704765541e-07
972 6.151313901290e-07
973 6.134738143096e-07
974 6.193176741702e-07
975 6.039501015539e-07
976 6.180884571094e-07
977 6.040055325850e-07
978 6.016216260686e-07
979 6.164178880338e-07
980 5.932356016890e-07
981 6.006987166454e-07
982 6.041468639599e-07
983 5.882349432753e-07
984 6.004393558391e-07
985 5.934279931405e-07
986 5.908108783200e-07
987 5.990560102237e-07
988 5.817678119586e-07
989 5.849772334788e-07
990 5.932198396823e-07
991 5.756048477183e-07
992 5.832451363586e-07
993 5.876686468458e-07
994 5.737514114667e-07
995 5.811029252567e-07
996 5.749406336439e-07
997 5.638948641996e-07
998 5.770561442599e-07
999 5.658789649551e-07
1000 5.622511112202e-07
1001 5.734469698630e-07
1002 5.562770855180e-07
1003 5.636969686935e-07
1004 5.674419912425e-07
1005 5.498212938103e-07
1006 5.625171795333e-07
1007 5.576262225346e-07
1008 5.463520265280e-07
1009 5.579487515853e-07
1010 5.456640132501e-07
1011 5.418053026984e-07
1012 5.521508996728e-07
1013 5.406954981896e-07
1014 5.394023497782e-07
1015 5.444210571684e-07
1016 5.319267596956e-07
1017 5.381183379591e-07
1018 5.334915248079e-07
1019 5.233788565056e-07
1020 5.349182434827e-07
1021 5.183586392804e-07
1022 5.226511532022e-07
1023 5.282752291444e-07
1024 5.072559809235e-07
1025 5.262257136464e-07
1026 5.144776134488e-07
1027 5.032892618320e-07
1028 5.241298721150e-07
1029 4.993952378773e-07
1030 5.065000995174e-07
1031 5.096820714904e-07
1032 4.914279699449e-07
1033 5.166820777500e-07
1034 4.911994878146e-07
1035 4.925067819731e-07
1036 5.110097253197e-07
1037 4.753382181966e-07
1038 4.996648620178e-07
1039 4.920662312001e-07
1040 4.714464518570e-07
1041 5.048189128161e-07
1042 4.724300750607e-07
1043 4.734888790323e-07
1044 4.936213350565e-07
1045 4.588568592701e-07
1046 4.786766319130e-07
1047 4.805568333762e-07
1048 4.559236910622e-07
1049 4.755155990040e-07
1050 4.656404712232e-07
1051 4.565474727240e-07
1052 4.673460011302e-07
1053 4.535742924919e-07
1054 4.531424484430e-07
1055 4.612746082362e-07
1056 4.491007514177e-07
1057 4.514373873269e-07
1058 4.520593640657e-07
1059 4.411165191851e-07
1060 4.478785308988e-07
1061 4.405961536717e-07
1062 4.327321294332e-07
1063 4.418505207794e-07
1064 4.303622415631e-07
1065 4.266671257533e-07
1066 4.343553207704e-07
1067 4.206767262256e-07
1068 4.211422345603e-07
1069 4.284995903693e-07
1070 4.142873503763e-07
1071 4.180435734040e-07
1072 4.204004714186e-07
1073 4.062074181832e-07
1074 4.190965059761e-07
1075 4.139954725530e-07
1076 4.012880817356e-07
1077 4.185835102911e-07
1078 4.028468660662e-07
1079 3.904962050629e-07
1080 4.171935918429e-07
1081 3.914703150570e-07
1082 3.930011661568e-07
1083 4.210563224550e-07
1084 3.768280538574e-07
1085 4.034062316391e-07
1086 3.966476544091e-07
1087 3.661000062296e-07
1088 4.108812026006e-07
1089 3.736593120468e-07
1090 3.737635573355e-07
1091 4.040103829835e-07
1092 3.586844438485e-07
1093 3.867665636951e-07
1094 3.838994439089e-07
1095 3.590817782067e-07
1096 3.944103229195e-07
1097 3.656619683368e-07
1098 3.698782572358e-07
1099 3.894969586168e-07
1100 3.519030541871e-07
1101 3.818741528469e-07
1102 3.742618021290e-07
1103 3.632929158567e-07
1104 3.680712193434e-07
1105 3.692310352656e-07
1106 3.551744690411e-07
1107 3.635974646208e-07
1108 3.586556301233e-07
1109 3.510564673867e-07
1110 3.649778475208e-07
1111 3.498642833425e-07
1112 3.552031076650e-07
1113 3.635234924863e-07
1114 3.427352772315e-07
1115 3.554507288933e-07
1116 3.572292690676e-07
1117 3.412677639072e-07
1118 3.480250240384e-07
1119 3.511850897190e-07
1120 3.299338242403e-07
1121 3.545892322811e-07
1122 3.365123191953e-07
1123 3.311239619108e-07
1124 3.533457671704e-07
1125 3.294074885648e-07
1126 3.443314909189e-07
1127 3.476954633242e-07
1128 3.333095129230e-07
1129 3.389782353497e-07
1130 3.404812804068e-07
1131 3.258518463944e-07
1132 3.361250710634e-07
1133 3.362061867140e-07
1134 3.183431923491e-07
1135 3.447370921736e-07
1136 3.225412388589e-07
1137 3.215137532260e-07
1138 3.408505424034e-07
1139 3.143576237792e-07
1140 3.390091554176e-07
1141 3.330041790703e-07
1142 3.136621469030e-07
1143 3.333632544191e-07
1144 3.241644870061e-07
1145 3.202716060465e-07
1146 3.286024034021e-07
1147 3.184160558494e-07
1148 3.214475004644e-07
1149 3.195560984188e-07
1150 3.157773558908e-07
1151 3.173328609774e-07
1152 3.147765715136e-07
1153 3.154728693699e-07
1154 3.113364353661e-07
1155 3.152201409320e-07
1156 3.098105874178e-07
1157 3.070174127119e-07
1158 3.114303342597e-07
1159 3.061115284761e-07
1160 3.084765355229e-07
1161 3.076880895525e-07
1162 3.040808448577e-07
1163 3.031770967042e-07
1164 3.049348764143e-07
1165 3.036154673231e-07
1166 2.978329807345e-07
1167 3.016487650532e-07
1168 3.025254213226e-07
1169 2.924086208286e-07
1170 2.989874237345e-07
1171 2.926456690724e-07
1172 2.921774998496e-07
1173 2.940689871099e-07
1174 2.880977848374e-07
1175 3.013227428879e-07
1176 2.877167125548e-07
1177 2.953767490916e-07
1178 2.892886768355e-07
1179 2.830319676559e-07
1180 2.926259151790e-07
1181 2.810177733970e-07
1182 2.874465778189e-07
1183 2.821278976176e-07
1184 2.737380406738e-07
1185 2.791777778008e-07
1186 2.743339287122e-07
1187 2.741304109278e-07
1188 2.769318297482e-07
1189 2.748918354083e-07
1190 2.714820929314e-07
1191 2.707554290257e-07
1192 2.711258024653e-07
1193 2.658429570733e-07
1194 2.686964839205e-07
1195 2.635994119020e-07
1196 2.649315496038e-07
1197 2.747772400823e-07
1198 2.595763385541e-07
1199 2.676608411390e-07
1200 2.591519579976e-07
1201 2.580413067710e-07
1202 2.635064540967e-07
1203 2.521584113576e-07
1204 2.615043865938e-07
1205 2.547997928552e-07
1206 2.537375796728e-07
1207 2.576237573379e-07
1208 2.479141195799e-07
1209 2.569334754536e-07
1210 2.510743528500e-07
1211 2.495075452787e-07
1212 2.575182299768e-07
1213 2.491465193776e-07
1214 2.467119598402e-07
1215 2.493290630710e-07
1216 2.453009403328e-07
1217 2.399604597201e-07
1218 2.482838568871e-07
1219 2.386229887118e-07
1220 2.352369529038e-07
1221 2.415561797960e-07
1222 2.322479604388e-07
1223 2.324002238564e-07
1224 2.368482007365e-07
1225 2.293755678537e-07
1226 2.312027636413e-07
1227 2.343835466019e-07
1228 2.271906043860e-07
1229 2.272867186900e-07
1230 2.292731529300e-07
1231 2.244173118788e-07
1232 2.274132072986e-07
1233 2.216302160630e-07
1234 2.169664807633e-07
1235 2.205686420003e-07
1236 2.181142940761e-07
1237 2.191587969589e-07
1238 2.174472717032e-07
1239 2.157604393486e-07
1240 2.193108381369e-07
1241 2.131084674078e-07
1242 2.123055350164e-07
1243 2.160435209629e-07
1244 2.102586726461e-07
1245 2.093846696069e-07
1246 2.136344093528e-07
1247 2.078900873728e-07
1248 2.100162766821e-07
1249 2.115128988974e-07
1250 1.999709526987e-07
1251 2.065721575120e-07
1252 2.088156641300e-07
1253 1.989545227727e-07
1254 2.053322411865e-07
1255 2.047550012928e-07
1256 1.966531862142e-07
1257 2.059568753418e-07
1258 1.952512751139e-07
1259 1.937185081781e-07
1260 2.034581646789e-07
1261 1.904015888409e-07
1262 1.924414276435e-07
1263 2.002394832255e-07
1264 1.835313337669e-07
1265 1.985445347595e-07
1266 1.923892120153e-07
1267 1.844162953811e-07
1268 1.960061427457e-07
1269 1.872637398499e-07
1270 1.882069274160e-07
1271 1.882019045596e-07
1272 1.839927662084e-07
1273 1.826823437469e-07
1274 1.838134805795e-07
1275 1.813185079822e-07
1276 1.805686471924e-07
1277 1.852029780446e-07
1278 1.797056370931e-07
1279 1.855740438179e-07
1280 1.785659156846e-07
1281 1.766868361003e-07
1282 1.791509058162e-07
1283 1.753962112781e-07
1284 1.771142279520e-07
1285 1.754684144837e-07
1286 1.738286452640e-07
1287 1.732213734034e-07
1288 1.714274090261e-07
1289 1.712113107187e-07
1290 1.697642519528e-07
1291 1.729987621862e-07
1292 1.690208950172e-07
1293 1.670873534654e-07
1294 1.692754555804e-07
1295 1.640986006424e-07
1296 1.688446657283e-07
1297 1.634339785331e-07
1298 1.604980906045e-07
1299 1.665922009807e-07
1300 1.570518323979e-07
1301 1.595044316728e-07
1302 1.615609178052e-07
1303 1.541753706340e-07
1304 1.597667611020e-07
1305 1.568647851713e-07
1306 1.539686394750e-07
1307 1.579113298138e-07
1308 1.553789050423e-07
1309 1.492356600766e-07
1310 1.564827944692e-07
1311 1.501893148224e-07
1312 1.475703305684e-07
1313 1.562421759595e-07
1314 1.447233763423e-07
1315 1.481183588950e-07
1316 1.537037965221e-07
1317 1.413114255414e-07
1318 1.502673160317e-07
1319 1.498080399520e-07
1320 1.405748376018e-07
1321 1.497302729376e-07
1322 1.449667768494e-07
1323 1.426571768660e-07
1324 1.441696118372e-07
1325 1.425279138904e-07
1326 1.392220337985e-07
1327 1.425310394353e-07
1328 1.403723024554e-07
1329 1.371791452373e-07
1330 1.462634633471e-07
1331 1.390028572341e-07
1332 1.370005285816e-07
1333 1.422921906911e-07
1334 1.354107939888e-07
1335 1.414591185381e-07
1336 1.382415577690e-07
1337 1.332582136661e-07
1338 1.370777349387e-07
1339 1.344230136647e-07
1340 1.341718658838e-07
1341 1.333587728700e-07
1342 1.319204963604e-07
1343 1.316940426322e-07
1344 1.311589112263e-07
1345 1.305555522140e-07
1346 1.295661093346e-07
1347 1.299186560321e-07
1348 1.280339076230e-07
1349 1.278992837865e-07
1350 1.288875906775e-07
1351 1.251690028530e-07
1352 1.282539727728e-07
1353 1.284262720751e-07
1354 1.219383665667e-07
1355 1.288190968942e-07
1356 1.222747658312e-07
1357 1.207646140960e-07
1358 1.315465693301e-07
1359 1.173190426927e-07
1360 1.228754235854e-07
1361 1.266883840384e-07
1362 1.137590490499e-07
1363 1.254814492166e-07
1364 1.218341479106e-07
1365 1.143430533286e-07
1366 1.237024704793e-07
1367 1.172486334387e-07
1368 1.142114326160e-07
1369 1.216030158326e-07
1370 1.170071599399e-07
1371 1.143350924340e-07
1372 1.190182234306e-07
1373 1.127528864742e-07
1374 1.139312999323e-07
1375 1.174760003580e-07
1376 1.111348918834e-07
1377 1.134773079363e-07
1378 1.167404233611e-07
1379 1.102794560437e-07
1380 1.122827286138e-07
1381 1.127536146771e-07
1382 1.100714204619e-07
1383 1.142756755280e-07
1384 1.105628361479e-07
1385 1.104820479021e-07
1386 1.111448154803e-07
1387 1.101699601594e-07
1388 1.098880124033e-07
1389 1.094514099756e-07
1390 1.111375485240e-07
1391 1.072908800302e-07
1392 1.090376781594e-07
1393 1.096884179937e-07
1394 1.050514560028e-07
1395 1.104694214863e-07
1396 1.077962074390e-07
1397 1.039838846446e-07
1398 1.100565707983e-07
1399 1.049349285373e-07
1400 1.048592935364e-07
1401 1.082873330480e-07
1402 1.020022463652e-07
1403 1.073481943960e-07
1404 1.054634734400e-07
1405 1.005194935683e-07
1406 1.057081400477e-07
1407 1.028868127677e-07
1408 1.026039991852e-07
1409 1.040670605559e-07
1410 1.011889051318e-07
1411 1.012817020137e-07
1412 1.025598662695e-07
1413 9.988889927048e-08
1414 1.004103260670e-07
1415 1.012766779335e-07
1416 9.841582827306e-08
1417 9.997383472183e-08
1418 1.002906064058e-07
1419 9.646295156384e-08
1420 1.000945148010e-07
1421 1.009830009381e-07
1422 9.509690212764e-08
1423 9.981501167946e-08
1424 9.692961868947e-08
1425 9.510316085372e-08
1426 1.021793637142e-07
1427 9.530225226416e-08
1428 9.605453270084e-08
1429 9.895361629782e-08
1430 9.295054614255e-08
1431 9.781862249222e-08
1432 9.644469584180e-08
1433 9.210579984644e-08
1434 1.005130285740e-07
1435 9.435459979931e-08
1436 9.354939850452e-08
1437 9.765286877251e-08
1438 9.191726593765e-08
1439 9.618112716962e-08
1440 9.583383750461e-08
1441 9.060114134887e-08
1442 9.640028112681e-08
1443 9.359172778597e-08
1444 9.088729232988e-08
1445 9.540167647501e-08
1446 9.207744092198e-08
1447 9.349355620190e-08
1448 9.339770290819e-08
1449 9.053052735586e-08
1450 9.282188971911e-08
1451 9.112218232698e-08
1452 9.068004864953e-08
1453 9.285756236002e-08
1454 8.901655306956e-08
1455 9.090639541661e-08
1456 9.083889649172e-08
1457 8.787335088604e-08
1458 9.056531637309e-08
1459 8.893034753139e-08
1460 8.844387638626e-08
1461 8.962283502682e-08
1462 8.679183624420e-08
1463 8.682594237237e-08
1464 8.904045621859e-08
1465 8.600102787372e-08
1466 8.725499379768e-08
1467 8.847404745251e-08
1468 8.418845480930e-08
1469 8.681227438886e-08
1470 8.628625096863e-08
1471 8.218572746435e-08
1472 8.669877661305e-08
1473 8.543197873108e-08
1474 8.235484347905e-08
1475 8.740868710358e-08
1476 8.470799054439e-08
1477 8.242435532952e-08
1478 8.833148302610e-08
1479 8.157532160744e-08
1480 8.289846795112e-08
1481 8.748882568264e-08
1482 8.250410999404e-08
1483 8.316776735401e-08
1484 8.603529520857e-08
1485 8.086797510168e-08
1486 8.160552390235e-08
1487 8.589037036267e-08
1488 8.022404979156e-08
1489 8.248991109234e-08
1490 8.223533682768e-08
1491 7.911567838931e-08
1492 8.217393961267e-08
1493 8.061937447560e-08
1494 7.929611146569e-08
1495 8.119768820013e-08
1496 8.011397382597e-08
1497 7.990372482461e-08
1498 7.951400819170e-08
1499 7.793320740528e-08
1500 7.864247918260e-08
1501 7.869326480472e-08
1502 7.797629957323e-08
1503 7.793931003446e-08
1504 7.945296846662e-08
1505 7.641713871129e-08
1506 7.708373761677e-08
1507 7.862830864309e-08
1508 7.536389940194e-08
1509 7.770765257297e-08
1510 7.737554234449e-08
1511 7.387318246146e-08
1512 7.695960124758e-08
1513 7.529202779793e-08
1514 7.338345914094e-08
1515 7.629910577998e-08
1516 7.450717943550e-08
1517 7.496747888964e-08
1518 7.491463517125e-08
1519 7.393244944983e-08
1520 7.332786950068e-08
1521 7.326513744273e-08
1522 7.379985080628e-08
1523 7.241030672089e-08
1524 7.295736773502e-08
1525 7.324387088965e-08
1526 7.185297529370e-08
1527 7.267145064298e-08
1528 7.252182897723e-08
1529 7.149701082172e-08
1530 7.057577476051e-08
1531 7.213949206357e-08
1532 7.286740748983e-08
1533 6.885986388991e-08
1534 7.224886560889e-08
1535 7.023191330047e-08
1536 6.782488611202e-08
1537 7.274943206467e-08
1538 6.827366356345e-08
1539 6.898659285922e-08
1540 7.248026630016e-08
1541 6.743527166017e-08
1542 6.860236866154e-08
1543 7.141381869087e-08
1544 6.703960181949e-08
1545 6.844118872354e-08
1546 7.024288001020e-08
1547 6.674759958539e-08
1548 6.690879809593e-08
1549 6.878293654279e-08
1550 6.524344434260e-08
1551 6.687639924042e-08
1552 6.934055725003e-08
1553 6.463699000076e-08
1554 6.822612738629e-08
1555 6.766553031375e-08
1556 6.434233925324e-08
1557 6.799294279774e-08
1558 6.708260808721e-08
1559 6.325636071201e-08
1560 6.715776473789e-08
1561 6.599218779524e-08
1562 6.260749790917e-08
1563 6.639084886434e-08
1564 6.505463879175e-08
1565 6.203601595770e-08
1566 6.546613989320e-08
1567 6.384493140494e-08
1568 6.110311243027e-08
1569 6.390354082793e-08
1570 6.266917188786e-08
1571 6.116074723291e-08
1572 6.201238291537e-08
1573 6.178093873596e-08
1574 6.068608099094e-08
1575 6.015363704357e-08
1576 6.097581759934e-08
1577 5.943322936162e-08
1578 5.940404159910e-08
1579 6.051066663419e-08
1580 5.861882976009e-08
1581 6.055770235317e-08
1582 5.981895193954e-08
1583 5.782839312652e-08
1584 5.860205234351e-08
1585 5.822693698628e-08
1586 5.761624515723e-08
1587 5.746264819196e-08
1588 5.787293276346e-08
1589 5.702870354040e-08
1590 5.608285839213e-08
1591 5.712883233982e-08
1592 5.553274319872e-08
1593 5.531295255839e-08
1594 5.618614669330e-08
1595 5.431640311001e-08
1596 5.590364392476e-08
1597 5.532604253896e-08
1598 5.356214696930e-08
1599 5.538954565996e-08
1600 5.386978384350e-08
1601 5.300587967914e-08
1602 5.422869063574e-08
1603 5.232658813169e-08
1604 5.207466700117e-08
1605 5.311120733637e-08
1606 5.301059888761e-08
1607 5.147405957785e-08
1608 5.285538921861e-08
1609 5.120241779810e-08
1610 5.046425564239e-08
1611 5.225651379710e-08
1612 4.956610230949e-08
1613 4.956374286568e-08
1614 5.123165715652e-08
1615 4.830700478093e-08
1616 4.915782062365e-08
1617 5.026661369336e-08
1618 4.734331282834e-08
1619 4.859335718701e-08
1620 4.912726411802e-08
1621 4.752855723231e-08
1622 4.825306385297e-08
1623 4.839285184679e-08
1624 4.563844618574e-08
1625 4.743394335412e-08
1626 4.780168968887e-08
1627 4.476808863449e-08
1628 4.714209727310e-08
1629 4.667466606716e-08
1630 4.419835566120e-08
1631 4.685884647221e-08
1632 4.600925515110e-08
1633 4.453857104927e-08
1634 4.636484605369e-08
1635 4.566357890695e-08
1636 4.274515250574e-08
1637 4.591127822784e-08
1638 4.458636907125e-08
1639 4.250731131665e-08
1640 4.619975460201e-08
1641 4.389978035461e-08
1642 4.284372096189e-08
1643 4.581437557501e-08
1644 4.381303620451e-08
1645 4.205371032992e-08
1646 4.542805465648e-08
1647 4.453527011133e-08
1648 4.129281739755e-08
1649 4.480378229158e-08
1650 4.379601465522e-08
1651 4.099271804736e-08
1652 4.452806429373e-08
1653 4.317200993960e-08
1654 4.086677005740e-08
1655 4.399439792788e-08
1656 4.285697749149e-08
1657 4.105582197452e-08
1658 4.278601030441e-08
1659 4.260088667000e-08
1660 4.019267184877e-08
1661 4.253895387708e-08
1662 4.243538129020e-08
1663 3.985218777821e-08
1664 4.131081946337e-08
1665 4.143330427147e-08
1666 3.972037659923e-08
1667 4.115078480619e-08
1668 4.093319921616e-08
1669 3.998284770802e-08
1670 4.000716910491e-08
1671 4.025863745703e-08
1672 4.009981525087e-08
1673 3.878929067636e-08
1674 3.989095409246e-08
1675 3.925494693077e-08
1676 3.783319619852e-08
1677 3.919427492369e-08
1678 3.863520397566e-08
1679 3.803790984711e-08
1680 3.879470708353e-08
1681 3.789475468481e-08
1682 3.812103511840e-08
1683 3.811116727029e-08
1684 3.760424735983e-08
1685 3.718907474380e-08
1686 3.753199577352e-08
1687 3.837349325937e-08
1688 3.628743346207e-08
1689 3.711089495720e-08
1690 3.723008826862e-08
1691 3.556350638873e-08
1692 3.611092523865e-08
1693 3.646558168567e-08
1694 3.621973637674e-08
1695 3.577840657851e-08
1696 3.602929271183e-08
1697 3.563427137177e-08
1698 3.495664475460e-08
1699 3.608073765917e-08
1700 3.479987994030e-08
1701 3.421005667677e-08
1702 3.591845726784e-08
1703 3.379477991491e-08
1704 3.484864670508e-08
1705 3.556707247014e-08
1706 3.300306545732e-08
1707 3.350140060748e-08
1708 3.521652922572e-08
1709 3.380676449761e-08
1710 3.260478429152e-08
1711 3.471666253879e-08
1712 3.374845886890e-08
1713 3.176365026925e-08
1714 3.448586725313e-08
1715 3.279113336561e-08
1716 3.135765789458e-08
1717 3.468339401185e-08
1718 3.218753413271e-08
1719 3.179736957309e-08
1720 3.420500049482e-08
1721 3.200340548137e-08
1722 3.089181104401e-08
1723 3.376176762582e-08
1724 3.232981112599e-08
1725 3.041844011963e-08
1726 3.414568050478e-08
1727 3.197456541830e-08
1728 3.058408087989e-08
1729 3.333421122070e-08
1730 3.154732519639e-08
1731 3.070839227042e-08
1732 3.232572138272e-08
1733 3.146093038407e-08
1734 2.982813281542e-08
1735 3.144265724830e-08
1736 3.070173777536e-08
1737 2.980477705019e-08
1738 3.130566484193e-08
1739 3.059016764721e-08
1740 2.988327882112e-08
1741 3.083155351847e-08
1742 3.017732290704e-08
1743 2.990147713762e-08
1744 3.046519951179e-08
1745 3.001340072603e-08
1746 3.008507554391e-08
1747 3.002303992573e-08
1748 2.949793849977e-08
1749 3.008810470476e-08
1750 3.078116592668e-08
1751 2.947070471515e-08
1752 3.030144248677e-08
1753 2.945708992829e-08
1754 2.871778160699e-08
1755 2.988678069469e-08
1756 2.896831647184e-08
1757 2.840557770357e-08
1758 2.992054397566e-08
1759 2.998919782138e-08
1760 2.776525170242e-08
1761 2.967627242337e-08
1762 2.968451061320e-08
1763 2.707354514327e-08
1764 2.942469576714e-08
1765 2.936488487207e-08
1766 2.677802518744e-08
1767 2.921170417965e-08
1768 2.918670632406e-08
1769 2.667520851233e-08
1770 2.891970122791e-08
1771 2.912306445299e-08
1772 2.691505336808e-08
1773 2.827239037820e-08
1774 2.915228334248e-08
1775 2.634716459023e-08
1776 2.740292362771e-08
1777 2.913181219652e-08
1778 2.635402387065e-08
1779 2.717410120105e-08
1780 2.883378270088e-08
1781 2.604741427619e-08
1782 2.680263813017e-08
1783 2.852979176850e-08
1784 2.612440433284e-08
1785 2.663717794453e-08
1786 2.835760571823e-08
1787 2.677522299487e-08
1788 2.586497569295e-08
1789 2.790910409916e-08
1790 2.625165800845e-08
1791 2.522177867452e-08
1792 2.758117771982e-08
1793 2.635827210546e-08
1794 2.528047588305e-08
1795 2.726586517229e-08
1796 2.652833467917e-08
1797 2.539913307211e-08
1798 2.673864097315e-08
1799 2.650647249628e-08
1800 2.536169180579e-08
1801 2.607736320907e-08
1802 2.626086195967e-08
1803 2.515551968472e-08
1804 2.554688430149e-08
1805 2.607856316445e-08
1806 2.503407023368e-08
1807 2.523499890898e-08
1808 2.585254428338e-08
1809 2.504179584852e-08
1810 2.543974289837e-08
1811 2.576675665055e-08
1812 2.513780158107e-08
1813 2.528896458440e-08
1814 2.518359368469e-08
1815 2.495192425701e-08
1816 2.466089595048e-08
1817 2.450643933792e-08
1818 2.471471989530e-08
1819 2.437883355071e-08
1820 2.463055943994e-08
1821 2.455373547445e-08
1822 2.439895773037e-08
1823 2.447689420125e-08
1824 2.406568141359e-08
1825 2.445530827641e-08
1826 2.377965062691e-08
1827 2.363814389791e-08
1828 2.443380552544e-08
1829 2.354168498709e-08
1830 2.353155097273e-08
1831 2.420310193158e-08
1832 2.322394262254e-08
1833 2.336657161156e-08
1834 2.384246461168e-08
1835 2.289897833760e-08
1836 2.285711872029e-08
1837 2.335057456495e-08
1838 2.288470483506e-08
1839 2.253098763257e-08
1840 2.293110652028e-08
1841 2.304504756222e-08
1842 2.221761846329e-08
1843 2.260234096956e-08
1844 2.331124773075e-08
1845 2.176084224204e-08
1846 2.215547301953e-08
1847 2.357523789729e-08
1848 2.147001571059e-08
1849 2.176343675873e-08
1850 2.319294220464e-08
1851 2.122824655588e-08
1852 2.167165805790e-08
1853 2.288846682502e-08
1854 2.122871756494e-08
1855 2.121501731199e-08
1856 2.270696210419e-08
1857 2.180346896086e-08
1858 2.094277670711e-08
1859 2.223499782120e-08
1860 2.224908286081e-08
1861 2.078795121635e-08
1862 2.169434645704e-08
1863 2.242974761532e-08
1864 2.075747301845e-08
1865 2.128183263925e-08
1866 2.255794872759e-08
1867 2.095737224862e-08
1868 2.089676516540e-08
1869 2.224675443769e-08
1870 2.122639528692e-08
1871 2.079012855962e-08
1872 2.190337554781e-08
1873 2.138938266675e-08
1874 2.068721593506e-08
1875 2.149773841010e-08
1876 2.147546981492e-08
1877 2.061947526060e-08
1878 2.098883368054e-08
1879 2.140633917495e-08
1880 2.062970026001e-08
1881 2.043520445407e-08
1882 2.110753521335e-08
1883 2.053757194301e-08
1884 1.986103096710e-08
1885 2.090613823798e-08
1886 2.067644987906e-08
1887 1.949624596066e-08
1888 2.074921682767e-08
1889 2.079286681449e-08
1890 1.922983943340e-08
1891 2.043208415428e-08
1892 2.068052406717e-08
1893 1.896966403443e-08
1894 1.992438908478e-08
1895 2.049455637925e-08
1896 1.887557521902e-08
1897 1.954948506100e-08
1898 2.042493393894e-08
1899 1.894833035265e-08
1900 1.935249396794e-08
1901 2.030657309984e-08
1902 1.905169451776e-08
1903 1.940192603968e-08
1904 2.019177902458e-08
1905 1.921982618817e-08
1906 1.947945067419e-08
1907 1.991160634755e-08
1908 1.917391157319e-08
1909 1.931525946228e-08
1910 1.956140111728e-08
1911 1.913970389924e-08
1912 1.921692734435e-08
1913 1.937427019680e-08
1914 1.925518529844e-08
1915 1.917700905977e-08
1916 1.908052744788e-08
1917 1.900335664676e-08
1918 1.907866820456e-08
1919 1.898693640280e-08
1920 1.882857451818e-08
1921 1.907467363641e-08
1922 1.889122936825e-08
1923 1.852809688696e-08
1924 1.903851016990e-08
1925 1.892210221456e-08
1926 1.820156138683e-08
1927 1.871632512274e-08
1928 1.885456923130e-08
1929 1.793171184364e-08
1930 1.836225428685e-08
1931 1.889526027835e-08
1932 1.788812474974e-08
1933 1.808754138258e-08
1934 1.891931337795e-08
1935 1.787648745623e-08
1936 1.782543157454e-08
1937 1.888716675348e-08
1938 1.804759345374e-08
1939 1.769154970756e-08
1940 1.857363531422e-08
1941 1.803971317799e-08
1942 1.763934401518e-08
1943 1.822737712885e-08
1944 1.794537567668e-08
1945 1.760647520195e-08
1946 1.784844163481e-08
1947 1.781721713839e-08
1948 1.765615028656e-08
1949 1.755213552264e-08
1950 1.759277431482e-08
1951 1.763178320120e-08
1952 1.744683990247e-08
1953 1.754715144410e-08
1954 1.766112854242e-08
1955 1.730259054486e-08
1956 1.738486047170e-08
1957 1.763827354098e-08
1958 1.717980682210e-08
1959 1.714137902135e-08
1960 1.748745223632e-08
1961 1.704503283230e-08
1962 1.693606972776e-08
1963 1.730806551322e-08
1964 1.690036939475e-08
1965 1.687051359152e-08
1966 1.729082120397e-08
1967 1.673869100746e-08
1968 1.661812308153e-08
1969 1.720354273358e-08
1970 1.669705022641e-08
1971 1.633441540336e-08
1972 1.700472629010e-08
1973 1.669526523131e-08
1974 1.602693838017e-08
1975 1.674610496199e-08
1976 1.681399691672e-08
1977 1.571783782782e-08
1978 1.639421499278e-08
1979 1.696240459594e-08
1980 1.563053767294e-08
1981 1.611428259199e-08
1982 1.684389773449e-08
1983 1.549423367803e-08
1984 1.588138547204e-08
1985 1.676951851046e-08
1986 1.553853557723e-08
1987 1.579447498912e-08
1988 1.657591646832e-08
1989 1.566970775530e-08
1990 1.576866632330e-08
1991 1.627230127720e-08
1992 1.584022864818e-08
1993 1.586358961403e-08
1994 1.591985349689e-08
1995 1.580962705217e-08
1996 1.580679953081e-08
1997 1.564485587618e-08
1998 1.579257530838e-08
1999 1.550510316928e-08
2000 1.539282866593e-08
2001 1.564731703942e-08
2002 1.543081527197e-08
2003 1.550595552528e-08
2004 1.549264156629e-08
2005 1.531224866886e-08
2006 1.566208387042e-08
2007 1.529237589797e-08
2008 1.520256364703e-08
2009 1.578994091609e-08
2010 1.501270820123e-08
2011 1.480866902749e-08
2012 1.566268651626e-08
2013 1.489219095592e-08
2014 1.446731828194e-08
2015 1.546441345736e-08
2016 1.500948011943e-08
2017 1.437844096432e-08
2018 1.531046332889e-08
2019 1.506594904811e-08
2020 1.423078471814e-08
2021 1.504510970880e-08
2022 1.509921880802e-08
2023 1.415348485037e-08
2024 1.476368561736e-08
2025 1.517282735917e-08
2026 1.420381217034e-08
2027 1.445641901593e-08
2028 1.511232870121e-08
2029 1.432947694566e-08
2030 1.422694954397e-08
2031 1.485891672265e-08
2032 1.437290539703e-08
2033 1.408009285116e-08
2034 1.462448122634e-08
2035 1.442625519943e-08
2036 1.407813799981e-08
2037 1.458673001432e-08
2038 1.439147448663e-08
2039 1.401082732790e-08
2040 1.468179697343e-08
2041 1.431220305816e-08
2042 1.392103781910e-08
2043 1.472063280746e-08
2044 1.416630326457e-08
2045 1.370552459657e-08
2046 1.454828544488e-08
2047 1.408474411051e-08
2048 1.360167976885e-08
2049 1.435557917862e-08
2050 1.400082702908e-08
2051 1.348332020667e-08
2052 1.429850768710e-08
2053 1.406939673436e-08
2054 1.328519776193e-08
2055 1.397487385136e-08
2056 1.411846760488e-08
2057 1.328806323914e-08
2058 1.371147184626e-08
2059 1.412088711694e-08
2060 1.330174385271e-08
2061 1.351336448662e-08
2062 1.409502480047e-08
2063 1.334509087439e-08
2064 1.322236741041e-08
2065 1.380855799081e-08
2066 1.342492010392e-08
2067 1.317926761896e-08
2068 1.372395838283e-08
2069 1.344730477351e-08
2070 1.313997038205e-08
2071 1.382969933039e-08
2072 1.340628356672e-08
2073 1.290653610930e-08
2074 1.369682440950e-08
2075 1.333530532037e-08
2076 1.280534046561e-08
2077 1.348791896826e-08
2078 1.322623022647e-08
2079 1.278287208671e-08
2080 1.326505262638e-08
2081 1.317948387234e-08
2082 1.289840400364e-08
2083 1.309998550780e-08
2084 1.313578914853e-08
2085 1.296138045891e-08
2086 1.288027390652e-08
2087 1.301853834178e-08
2088 1.283343442150e-08
2089 1.264791465789e-08
2090 1.296108289662e-08
2091 1.276516663951e-08
2092 1.246747897824e-08
2093 1.289165712200e-08
2094 1.276295121781e-08
2095 1.234079512667e-08
2096 1.279638841688e-08
2097 1.286815639286e-08
2098 1.226152156162e-08
2099 1.247460114914e-08
2100 1.283848163394e-08
2101 1.234682314789e-08
2102 1.219855397703e-08
2103 1.264172061870e-08
2104 1.246222157326e-08
2105 1.186781213976e-08
2106 1.229058585067e-08
2107 1.265013597617e-08
2108 1.182704961359e-08
2109 1.202429706511e-08
2110 1.279464514685e-08
2111 1.200451125107e-08
2112 1.179359451083e-08
2113 1.263299559740e-08
2114 1.218402251619e-08
2115 1.173322627667e-08
2116 1.234679312569e-08
2117 1.223200406650e-08
2118 1.174088465119e-08
2119 1.207947280892e-08
2120 1.210564846566e-08
2121 1.178254731188e-08
2122 1.202100533351e-08
2123 1.200279046257e-08
2124 1.160664369244e-08
2125 1.189448283229e-08
2126 1.217793361083e-08
2127 1.154346410392e-08
2128 1.164991242382e-08
2129 1.223557844011e-08
2130 1.155619964192e-08
2131 1.139571569810e-08
2132 1.205567072436e-08
2133 1.162000498812e-08
2134 1.137315399789e-08
2135 1.179598029445e-08
2136 1.156560651437e-08
2137 1.132757276814e-08
2138 1.150199384068e-08
2139 1.150489701138e-08
2140 1.133206041558e-08
2141 1.124359973782e-08
2142 1.142478922378e-08
2143 1.118811307615e-08
2144 1.101694705717e-08
2145 1.143110540641e-08
2146 1.127188078738e-08
2147 1.092742759707e-08
2148 1.127708872917e-08
2149 1.124923594396e-08
2150 1.082298874677e-08
2151 1.096320024728e-08
2152 1.117697529346e-08
2153 1.091535137883e-08
2154 1.065611252351e-08
2155 1.103128831659e-08
2156 1.081601040441e-08
2157 1.041839781016e-08
2158 1.099461657926e-08
2159 1.099532320339e-08
2160 1.049865912379e-08
2161 1.062579492190e-08
2162 1.111949257107e-08
2163 1.068247333708e-08
2164 1.033557266586e-08
2165 1.093763333272e-08
2166 1.084956269531e-08
2167 1.017284320302e-08
2168 1.061276629973e-08
2169 1.098074951874e-08
2170 1.019296908936e-08
2171 1.020514265688e-08
2172 1.096166289502e-08
2173 1.040009788173e-08
2174 9.896068270721e-09
