1806 1806 63454
-8.7245930388867424e+05 1.0000000000000000e+00
1.0000000000000000e+00 1.0000000000000000e+00
4.4441576113597833e+05 1.0000000000000000e+00
7.9569400154889679e+08 1.0000000000000000e+00
6.3747358748989627e+07 1.0000000000000000e+00
7.9885256532097363e+08 1.0000000000000000e+00
-1.3824757731986660e+05 1.0000000000000000e+00
9.9477903870116410e+04 1.0000000000000000e+00
-7.0871626782977051e+04 1.0000000000000000e+00
1.5341311103724461e+09 1.0000000000000000e+00
5.5089664095399998e+07 1.0000000000000000e+00
1.2578276444016634e+07 1.0000000000000000e+00
-4.1974818635303428e+05 1.0000000000000000e+00
7.8882194790902708e+04 1.0000000000000000e+00
1.7551277358897426e+05 1.0000000000000000e+00
8.6123669148688819e+06 1.0000000000000000e+00
1.3038999476487219e+08 1.0000000000000000e+00
1.6073098818316936e+09 1.0000000000000000e+00
3.2485450371892570e+05 1.0000000000000000e+00
6.8310344524021773e+06 1.0000000000000000e+00
-6.3411437871442456e+05 1.0000000000000000e+00
4.0127896996641529e+08 1.0000000000000000e+00
6.8003796755332917e+07 1.0000000000000000e+00
4.2129299438300413e+08 1.0000000000000000e+00
-1.1901539240327643e+06 1.0000000000000000e+00
1.0000000000000000e+00 1.0000000000000000e+00
-1.8228048763513027e+05 1.0000000000000000e+00
2.4279097248509073e+09 1.0000000000000000e+00
1.8470529156330812e+08 1.0000000000000000e+00
6.4452837740005529e+08 1.0000000000000000e+00
3.9974948436422390e+05 1.0000000000000000e+00
6.3893396147531003e+05 1.0000000000000000e+00
-2.6567648137151252e+05 1.0000000000000000e+00
3.5733939571344876e+08 1.0000000000000000e+00
5.8227744689468674e+07 1.0000000000000000e+00
2.9603082278136265e+08 1.0000000000000000e+00
-1.7803028529462984e+05 1.0000000000000000e+00
1.0000000000000000e+00 1.0000000000000000e+00
-1.7511465411989735e+04 1.0000000000000000e+00
6.3517922807605755e+08 1.0000000000000000e+00
1.7600777194934514e+08 1.0000000000000000e+00
2.4332609392718387e+09 1.0000000000000000e+00
-2.7309416091308714e+05 1.0000000000000000e+00
6.1181281298967369e+05 1.0000000000000000e+00
-2.7195015364718379e+05 1.0000000000000000e+00
3.5284213025282186e+08 1.0000000000000000e+00
1.2254288190767835e+08 1.0000000000000000e+00
3.6395485780255336e+08 1.0000000000000000e+00
4.4040815037247739e+01 1.0000000000000000e+00
-7.7070767254704551e+03 1.0000000000000000e+00
2.9849592887230574e+02 1.0000000000000000e+00
1.0404643342661439e+02 1.0000000000000000e+00
1.2463787943860685e+07 1.0000000000000000e+00
7.0519662708748365e+02 1.0000000000000000e+00
-8.0061884537967242e+04 1.0000000000000000e+00
1.9219907328212759e+06 1.0000000000000000e+00
2.8451747464288888e+06 1.0000000000000000e+00
3.6009460487304707e+09 1.0000000000000000e+00
2.5214521127729073e+08 1.0000000000000000e+00
2.9761604272141421e+08 1.0000000000000000e+00
-5.1646390105996528e+04 1.0000000000000000e+00
1.8046910915841721e+06 1.0000000000000000e+00
3.1832920705172879e+05 1.0000000000000000e+00
2.9990677167921466e+08 1.0000000000000000e+00
4.8407294833447151e+07 1.0000000000000000e+00
1.6028698281016893e+09 1.0000000000000000e+00
5.2165550110602553e+05 1.0000000000000000e+00
-6.1005630246451804e+06 1.0000000000000000e+00
-9.9043342306533596e+05 1.0000000000000000e+00
5.6204170499585867e+08 1.0000000000000000e+00
1.9708132215508279e+08 1.0000000000000000e+00
5.2536776526025963e+08 1.0000000000000000e+00
3.0752895007181191e+06 1.0000000000000000e+00
2.0704313064943219e+06 1.0000000000000000e+00
7.8366579249841845e+04 1.0000000000000000e+00
2.8816326772499812e+08 1.0000000000000000e+00
2.3604110072369531e+08 1.0000000000000000e+00
3.6072201264710298e+09 1.0000000000000000e+00
-2.4025709679704084e+05 1.0000000000000000e+00
1.8266462769153491e+06 1.0000000000000000e+00
1.0424852156949057e+06 1.0000000000000000e+00
1.7420946749143531e+09 1.0000000000000000e+00
1.8613232183654585e+08 1.0000000000000000e+00
2.9434272719203997e+08 1.0000000000000000e+00
-1.4192862645254419e+06 1.0000000000000000e+00
1.0000000000000000e+00 1.0000000000000000e+00
1.0000000000000000e+00 1.0000000000000000e+00
2.9014175908676939e+09 1.0000000000000000e+00
1.7047688925540739e+08 1.0000000000000000e+00
9.7264001208895707e+08 1.0000000000000000e+00
-1.9337881304910145e+05 1.0000000000000000e+00
5.0222248250256740e+06 1.0000000000000000e+00
6.6839412802286257e+04 1.0000000000000000e+00
1.6859667748473160e+09 1.0000000000000000e+00
1.6657193374979562e+08 1.0000000000000000e+00
1.6839272866170301e+09 1.0000000000000000e+00
-9.3888214590419047e+06 1.0000000000000000e+00
-8.2288406320665777e+05 1.0000000000000000e+00
1.6846740610000698e+06 1.0000000000000000e+00
3.3000413281745631e+08 1.0000000000000000e+00
1.1439863857541080e+09 1.0000000000000000e+00
2.7047304707949009e+09 1.0000000000000000e+00
-2.0458810621580364e+04 1.0000000000000000e+00
-1.8875432156062326e+06 1.0000000000000000e+00
-3.5004629948535294e+04 1.0000000000000000e+00
2.3570779148767166e+09 1.0000000000000000e+00
7.5718174192705542e+07 1.0000000000000000e+00
2.9761285496504867e+08 1.0000000000000000e+00
1.7521353545886528e+05 1.0000000000000000e+00
6.9786040549232336e+06 1.0000000000000000e+00
-4.6334997957254509e+03 1.0000000000000000e+00
5.3055196612817389e+08 1.0000000000000000e+00
1.5299489089283565e+08 1.0000000000000000e+00
5.4959971991074479e+08 1.0000000000000000e+00
1.0000000000000000e+00 1.0000000000000000e+00
1.0000000000000000e+00 1.0000000000000000e+00
3.3644022260984001e+06 1.0000000000000000e+00
9.6435475292193890e+08 1.0000000000000000e+00
1.6259471960885176e+08 1.0000000000000000e+00
2.9032426155247912e+09 1.0000000000000000e+00
-2.0515691550810414e+06 1.0000000000000000e+00
-8.2261898153307394e+05 1.0000000000000000e+00
9.3754483014663705e+05 1.0000000000000000e+00
1.4184190108931315e+09 1.0000000000000000e+00
-7.6706666636763602e+07 1.0000000000000000e+00
3.9551889354535276e+08 1.0000000000000000e+00
-3.3865015631204058e+05 1.0000000000000000e+00
-1.8663939209807185e+06 1.0000000000000000e+00
-1.8900192060391248e+04 1.0000000000000000e+00
2.8537799131802148e+08 1.0000000000000000e+00
1.2164669821818747e+08 1.0000000000000000e+00
2.4126248112603149e+09 1.0000000000000000e+00
-2.5966121417327819e+05 1.0000000000000000e+00
7.7439747013942324e+04 1.0000000000000000e+00
3.8115854676545588e+06 1.0000000000000000e+00
1.5499689099162982e+09 1.0000000000000000e+00
4.2595053631175213e+07 1.0000000000000000e+00
2.0304520204448730e+07 1.0000000000000000e+00
5.5897255464586224e+06 1.0000000000000000e+00
6.7440300649855062e+06 1.0000000000000000e+00
-4.9396659755494865e+06 1.0000000000000000e+00
1.2426823462061214e+09 1.0000000000000000e+00
5.8425495386495817e+08 1.0000000000000000e+00
1.5670661814876823e+09 1.0000000000000000e+00
-4.7731427547607903e+05 1.0000000000000000e+00
1.6544703278295060e+06 1.0000000000000000e+00
1.8434349266734460e+05 1.0000000000000000e+00
1.9356494046115587e+09 1.0000000000000000e+00
2.6824223786772063e+08 1.0000000000000000e+00
1.6798376948761225e+09 1.0000000000000000e+00
6.1184261852266323e+06 1.0000000000000000e+00
2.3332070165038425e+06 1.0000000000000000e+00
-1.0702553333810486e+06 1.0000000000000000e+00
1.0422676420360039e+09 1.0000000000000000e+00
2.2535636473121138e+09 1.0000000000000000e+00
1.4245565932351387e+09 1.0000000000000000e+00
7.9871611813440435e+06 1.0000000000000000e+00
2.8056226367627396e+06 1.0000000000000000e+00
-9.0740800158673078e+06 1.0000000000000000e+00
3.8860630312208402e+08 1.0000000000000000e+00
2.3992940145216746e+09 1.0000000000000000e+00
5.3225432226506567e+08 1.0000000000000000e+00
-1.1917902651954400e+04 1.0000000000000000e+00
-4.8873521615411155e+04 1.0000000000000000e+00
3.6197866013086285e+04 1.0000000000000000e+00
1.5799207309309859e+03 1.0000000000000000e+00
1.9319381762772396e+09 1.0000000000000000e+00
2.2080589121612720e+03 1.0000000000000000e+00
-7.9159021196842296e+06 1.0000000000000000e+00
2.7904298578818347e+06 1.0000000000000000e+00
6.9079335042145373e+06 1.0000000000000000e+00
6.8190053782958555e+08 1.0000000000000000e+00
2.5494109111797891e+09 1.0000000000000000e+00
3.8870027015273935e+08 1.0000000000000000e+00
2.6373092054449613e+06 1.0000000000000000e+00
1.9599612237326414e+05 1.0000000000000000e+00
3.3728741910926212e+05 1.0000000000000000e+00
2.9961588645674605e+07 1.0000000000000000e+00
1.8996259278902459e+08 1.0000000000000000e+00
1.6876814353656232e+09 1.0000000000000000e+00
3.4801878992789611e+06 1.0000000000000000e+00
7.9221515999684297e+06 1.0000000000000000e+00
-3.9140890773835806e+06 1.0000000000000000e+00
1.1434489173128409e+09 1.0000000000000000e+00
1.5019060308445811e+07 1.0000000000000000e+00
1.0987249752828228e+09 1.0000000000000000e+00
-4.9204460955856816e+05 1.0000000000000000e+00
1.6526916965989089e+06 1.0000000000000000e+00
5.8769739213323384e+05 1.0000000000000000e+00
1.6857199011867785e+09 1.0000000000000000e+00
2.6857358218475878e+08 1.0000000000000000e+00
1.9302167560359802e+09 1.0000000000000000e+00
2.0854296769276613e+05 1.0000000000000000e+00
2.3330303148541190e+06 1.0000000000000000e+00
-3.1910348012065253e+05 1.0000000000000000e+00
6.3781309521486986e+08 1.0000000000000000e+00
1.7488043176202664e+09 1.0000000000000000e+00
1.3242385905919862e+09 1.0000000000000000e+00
-2.8495767106584175e+06 1.0000000000000000e+00
1.0000000000000000e+00 1.0000000000000000e+00
1.0000000000000000e+00 1.0000000000000000e+00
2.4871682011464229e+09 1.0000000000000000e+00
1.9132879450716430e+08 1.0000000000000000e+00
9.6057419800288773e+08 1.0000000000000000e+00
2.9456892366024423e+06 1.0000000000000000e+00
5.5777954490952156e+06 1.0000000000000000e+00
-1.1458356243661076e+06 1.0000000000000000e+00
7.8322350386557591e+08 1.0000000000000000e+00
2.9679452243266964e+08 1.0000000000000000e+00
4.3709059102659690e+08 1.0000000000000000e+00
1.0959048898914698e+03 1.0000000000000000e+00
-5.3360677094022976e+03 1.0000000000000000e+00
1.3286802319005765e+03 1.0000000000000000e+00
-4.1017443024795377e+06 1.0000000000000000e+00
2.5559635584389618e+08 1.0000000000000000e+00
-4.3252224331847774e+06 1.0000000000000000e+00
-1.7876863427747879e+05 1.0000000000000000e+00
9.7196676387514162e+05 1.0000000000000000e+00
5.0406315523028164e+05 1.0000000000000000e+00
2.0760503517696983e+08 1.0000000000000000e+00
6.4217860582980618e+07 1.0000000000000000e+00
2.2600878955734825e+09 1.0000000000000000e+00
-1.4748439602168644e+05 1.0000000000000000e+00
1.1542841040398576e+06 1.0000000000000000e+00
6.3870220869211690e+05 1.0000000000000000e+00
1.7897546956372063e+09 1.0000000000000000e+00
1.4186364272220582e+08 1.0000000000000000e+00
1.8936282118365395e+08 1.0000000000000000e+00
9.7871246930351807e+05 1.0000000000000000e+00
-5.8374828238961939e+06 1.0000000000000000e+00
-5.2764938455070574e+06 1.0000000000000000e+00
2.8523887315286818e+09 1.0000000000000000e+00
1.2800687930547209e+09 1.0000000000000000e+00
2.3485358615999060e+09 1.0000000000000000e+00
-1.1351247748678370e+05 1.0000000000000000e+00
-8.6946466406232174e+06 1.0000000000000000e+00
-3.0449017419462106e+06 1.0000000000000000e+00
1.7174570572813857e+09 1.0000000000000000e+00
9.9449464879484129e+08 1.0000000000000000e+00
1.6698445538628697e+09 1.0000000000000000e+00
-3.9035810913670616e+05 1.0000000000000000e+00
9.6264645477326098e+05 1.0000000000000000e+00
2.1134460311555183e+06 1.0000000000000000e+00
2.5422407961828074e+09 1.0000000000000000e+00
3.3692751610607970e+08 1.0000000000000000e+00
1.9667155233782923e+08 1.0000000000000000e+00
1.0000000000000000e+00 1.0000000000000000e+00
1.0000000000000000e+00 1.0000000000000000e+00
-5.9541978322499541e+04 1.0000000000000000e+00
9.5705841771699607e+08 1.0000000000000000e+00
1.9409388075352657e+08 1.0000000000000000e+00
2.4936388062981434e+09 1.0000000000000000e+00
-2.4358766780023947e+06 1.0000000000000000e+00
2.9439648675705111e+06 1.0000000000000000e+00
-1.3859326957670480e+06 1.0000000000000000e+00
9.5773621066693413e+08 1.0000000000000000e+00
6.3164009713238990e+08 1.0000000000000000e+00
5.9768422646444178e+08 1.0000000000000000e+00
-2.9317435251351262e+03 1.0000000000000000e+00
-5.3279330736804404e+03 1.0000000000000000e+00
5.0701859676313206e+03 1.0000000000000000e+00
4.3908913854034794e+06 1.0000000000000000e+00
2.7302569484798014e+08 1.0000000000000000e+00
4.6114214519831762e+06 1.0000000000000000e+00
-7.1718726475576070e+04 1.0000000000000000e+00
1.1542841040401119e+06 1.0000000000000000e+00
1.5972166474505173e+05 1.0000000000000000e+00
1.8889788676400769e+08 1.0000000000000000e+00
5.9412654312912390e+07 1.0000000000000000e+00
1.7077686416474204e+09 1.0000000000000000e+00
1.6331265127907954e+06 1.0000000000000000e+00
-5.8374869001912083e+06 1.0000000000000000e+00
-1.2047334393317768e+07 1.0000000000000000e+00
3.3731503635431361e+09 1.0000000000000000e+00
2.7088739737436671e+09 1.0000000000000000e+00
3.2565796335223999e+09 1.0000000000000000e+00
-1.3537264990900714e+04 1.0000000000000000e+00
6.2368025583783758e+05 1.0000000000000000e+00
5.9391208051984059e+06 1.0000000000000000e+00
3.3934823006734157e+09 1.0000000000000000e+00
2.4448380859058395e+08 1.0000000000000000e+00
8.1730791200646237e+07 1.0000000000000000e+00
-1.7306534226246767e+06 1.0000000000000000e+00
-3.2668589697135158e+05 1.0000000000000000e+00
2.7537319475481934e+06 1.0000000000000000e+00
3.1911284458001292e+08 1.0000000000000000e+00
-1.2307064347526117e+08 1.0000000000000000e+00
2.4635722773618731e+09 1.0000000000000000e+00
-7.5659491565964872e+05 1.0000000000000000e+00
1.9164180038814113e+07 1.0000000000000000e+00
2.3916911151024309e+05 1.0000000000000000e+00
3.4974553029084229e+09 1.0000000000000000e+00
3.7951977337457752e+08 1.0000000000000000e+00
3.4925464266981058e+09 1.0000000000000000e+00
-1.5920430142719198e+06 1.0000000000000000e+00
1.9381031957821477e+07 1.0000000000000000e+00
2.5933991326109669e+05 1.0000000000000000e+00
1.7486826085971658e+09 1.0000000000000000e+00
5.2699702779026902e+08 1.0000000000000000e+00
4.6948991840369806e+09 1.0000000000000000e+00
-6.7359404835959766e+06 1.0000000000000000e+00
1.0000000000000000e+00 1.0000000000000000e+00
1.0000000000000000e+00 1.0000000000000000e+00
4.5957086998816223e+09 1.0000000000000000e+00
2.5906625330513012e+08 1.0000000000000000e+00
3.4744340733044910e+09 1.0000000000000000e+00
-1.2042578623643536e+06 1.0000000000000000e+00
6.3288830334802391e+05 1.0000000000000000e+00
2.3689151399015901e+06 1.0000000000000000e+00
1.9052729557052858e+09 1.0000000000000000e+00
9.7728840697728842e+06 1.0000000000000000e+00
7.2912279063715428e+07 1.0000000000000000e+00
-1.0619020554294887e+05 1.0000000000000000e+00
-1.1635765184019606e+06 1.0000000000000000e+00
5.2272998777418630e+04 1.0000000000000000e+00
5.1250462540094824e+09 1.0000000000000000e+00
1.5630842401429260e+08 1.0000000000000000e+00
1.9491044181129941e+08 1.0000000000000000e+00
-4.8566252259917883e+06 1.0000000000000000e+00
-6.5659942395812809e+05 1.0000000000000000e+00
8.8490449593704520e+05 1.0000000000000000e+00
2.0229217375733289e+08 1.0000000000000000e+00
8.1996011090047503e+08 1.0000000000000000e+00
8.1282783837680540e+09 1.0000000000000000e+00
3.3200117212512093e+06 1.0000000000000000e+00
2.7036053202974632e+07 1.0000000000000000e+00
-1.7846858793077143e+06 1.0000000000000000e+00
3.2317876178996797e+09 1.0000000000000000e+00
2.0100886757385566e+09 1.0000000000000000e+00
3.7145996962784295e+09 1.0000000000000000e+00
1.9101864221123736e+06 1.0000000000000000e+00
8.0728231966494061e+06 1.0000000000000000e+00
8.4152712960186996e+05 1.0000000000000000e+00
1.5087187864852648e+09 1.0000000000000000e+00
9.0088209325177884e+08 1.0000000000000000e+00
1.5701695632272425e+09 1.0000000000000000e+00
-5.7084854052906693e+05 1.0000000000000000e+00
-1.1415576332052695e+06 1.0000000000000000e+00
1.1831241852050372e+05 1.0000000000000000e+00
1.9019726811770037e+08 1.0000000000000000e+00
2.3127145037508178e+08 1.0000000000000000e+00
5.2014836872338362e+09 1.0000000000000000e+00
5.9118989948249208e+06 1.0000000000000000e+00
6.2368025583777111e+05 1.0000000000000000e+00
1.3537264991251572e+04 1.0000000000000000e+00
8.1730791200671092e+07 1.0000000000000000e+00
2.4448380859061533e+08 1.0000000000000000e+00
3.3934823006734343e+09 1.0000000000000000e+00
-3.4824697797822128e+06 1.0000000000000000e+00
-3.2677393395801750e+05 1.0000000000000000e+00
1.2857241914649645e+07 1.0000000000000000e+00
4.1187520354057660e+09 1.0000000000000000e+00
1.6571938214599106e+09 1.0000000000000000e+00
4.4421016249099910e+08 1.0000000000000000e+00
-1.5500169189796804e+06 1.0000000000000000e+00
1.9381031957821626e+07 1.0000000000000000e+00
1.2589716703791146e+06 1.0000000000000000e+00
4.6061427757409372e+09 1.0000000000000000e+00
5.1863933603927112e+08 1.0000000000000000e+00
1.8290813251422133e+09 1.0000000000000000e+00
-1.0574210788735077e+06 1.0000000000000000e+00
-6.5659942395753344e+05 1.0000000000000000e+00
4.5944838864722091e+05 1.0000000000000000e+00
7.4677856542098255e+09 1.0000000000000000e+00
2.0375062502850538e+08 1.0000000000000000e+00
2.4657541744370952e+08 1.0000000000000000e+00
7.5849429405558482e+05 1.0000000000000000e+00
2.7036053202977333e+07 1.0000000000000000e+00
1.2397223196548707e+05 1.0000000000000000e+00
3.3911826287923293e+09 1.0000000000000000e+00
1.6674396450550683e+09 1.0000000000000000e+00
3.2125556547022924e+09 1.0000000000000000e+00
-1.6581030650503963e+07 1.0000000000000000e+00
1.1775325408651233e+06 1.0000000000000000e+00
4.3804182596224202e+06 1.0000000000000000e+00
3.9822497281067985e+08 1.0000000000000000e+00
2.3259505196590381e+09 1.0000000000000000e+00
5.8222612121347256e+09 1.0000000000000000e+00
-8.2332621447865211e+04 1.0000000000000000e+00
-9.1215259593824157e+05 1.0000000000000000e+00
1.2566244359721430e+04 1.0000000000000000e+00
2.2092147867914271e+09 1.0000000000000000e+00
7.4897371641635105e+07 1.0000000000000000e+00
1.4972946017415130e+08 1.0000000000000000e+00
9.4365789169684574e+06 1.0000000000000000e+00
2.5958269907288633e+07 1.0000000000000000e+00
-1.9085933667712472e+07 1.0000000000000000e+00
4.5901151831785297e+09 1.0000000000000000e+00
1.7961201658285849e+09 1.0000000000000000e+00
4.6876955187412786e+09 1.0000000000000000e+00
-1.4488422886902438e+06 1.0000000000000000e+00
1.0000000000000000e+00 1.0000000000000000e+00
-9.9384943959394004e+05 1.0000000000000000e+00
1.9333002792168882e+09 1.0000000000000000e+00
1.5985187451636636e+08 1.0000000000000000e+00
2.6992371957019916e+09 1.0000000000000000e+00
8.3827592258084856e+05 1.0000000000000000e+00
2.5533826780474130e+06 1.0000000000000000e+00
-1.8044547920483681e+06 1.0000000000000000e+00
8.3041951472636843e+08 1.0000000000000000e+00
2.7948250918436289e+08 1.0000000000000000e+00
9.4984795339328456e+08 1.0000000000000000e+00
-3.1925805612905882e+04 1.0000000000000000e+00
2.8080829679288901e+04 1.0000000000000000e+00
1.5883582334961247e+04 1.0000000000000000e+00
2.3332819918293734e+09 1.0000000000000000e+00
1.0620870459967947e+09 1.0000000000000000e+00
2.3675405159035206e+09 1.0000000000000000e+00
-8.8831901385619061e+05 1.0000000000000000e+00
1.0000000000000000e+00 1.0000000000000000e+00
4.7939389828107250e+05 1.0000000000000000e+00
1.8005292379436021e+09 1.0000000000000000e+00
1.0757930626693244e+08 1.0000000000000000e+00
8.8139565055033076e+08 1.0000000000000000e+00
-1.5420717296062800e+05 1.0000000000000000e+00
1.0380687635214477e+05 1.0000000000000000e+00
2.4437929624481784e+05 1.0000000000000000e+00
1.3219903304107478e+09 1.0000000000000000e+00
4.3798451335684180e+07 1.0000000000000000e+00
8.2873015913244989e+06 1.0000000000000000e+00
2.3075923967205337e+05 1.0000000000000000e+00
2.7191554692715220e+06 1.0000000000000000e+00
-3.7511867700827587e+05 1.0000000000000000e+00
3.8494075056089072e+09 1.0000000000000000e+00
4.6065724459826428e+08 1.0000000000000000e+00
8.8326852367166996e+09 1.0000000000000000e+00
2.6837735989202540e+06 1.0000000000000000e+00
3.7638042694180785e+06 1.0000000000000000e+00
-4.9417043126305258e+06 1.0000000000000000e+00
5.5283487598791194e+08 1.0000000000000000e+00
2.4807926870123754e+09 1.0000000000000000e+00
8.0037784979733706e+08 1.0000000000000000e+00
2.4175429036427173e+06 1.0000000000000000e+00
2.0235469176043854e+06 1.0000000000000000e+00
-2.2834820260604764e+06 1.0000000000000000e+00
1.0840819503767073e+09 1.0000000000000000e+00
2.4965347027331634e+09 1.0000000000000000e+00
1.1845718019586813e+09 1.0000000000000000e+00
-5.6341377785429358e-06 1.0000000000000000e+00
-2.2351741790771484e-07 1.0000000000000000e+00
1.0025352821685374e-05 1.0000000000000000e+00
1.8585177502995861e+09 1.0000000000000000e+00
3.7925970481822354e+08 1.0000000000000000e+00
1.8700561994150448e+09 1.0000000000000000e+00
-1.1941853033314573e+06 1.0000000000000000e+00
3.2336363955772989e+06 1.0000000000000000e+00
-3.5280071956271667e+05 1.0000000000000000e+00
5.4890314947268856e+08 1.0000000000000000e+00
9.3882381011032689e+08 1.0000000000000000e+00
6.9328388842374110e+08 1.0000000000000000e+00
-6.5221744056708812e+03 1.0000000000000000e+00
-7.3885998521466972e+03 1.0000000000000000e+00
9.8626477740402061e+03 1.0000000000000000e+00
3.4357382889179280e+02 1.0000000000000000e+00
1.0626324538382570e+09 1.0000000000000000e+00
2.3663383069098927e+02 1.0000000000000000e+00
-4.0283421631965712e+06 1.0000000000000000e+00
3.7585316451816694e+06 1.0000000000000000e+00
1.6402323774841507e+06 1.0000000000000000e+00
9.5491774083840704e+08 1.0000000000000000e+00
2.6474514244796767e+09 1.0000000000000000e+00
5.6487331998264921e+08 1.0000000000000000e+00
-2.9887377934355615e+05 1.0000000000000000e+00
2.7191554692725064e+06 1.0000000000000000e+00
2.4116962496089138e+05 1.0000000000000000e+00
8.8595814918914490e+09 1.0000000000000000e+00
5.2577654239772761e+08 1.0000000000000000e+00
3.8876305482337437e+09 1.0000000000000000e+00
1.0000000000000000e+00 1.0000000000000000e+00
1.0000000000000000e+00 1.0000000000000000e+00
1.0387833719822759e+07 1.0000000000000000e+00
3.4783817232981009e+09 1.0000000000000000e+00
2.7179830773714745e+08 1.0000000000000000e+00
4.6113400737945709e+09 1.0000000000000000e+00
-3.3743846748378407e+06 1.0000000000000000e+00
1.1776619503448191e+06 1.0000000000000000e+00
1.7933088953311306e+06 1.0000000000000000e+00
3.6328187228053093e+09 1.0000000000000000e+00
2.6088675010551110e+07 1.0000000000000000e+00
2.8784644254904604e+08 1.0000000000000000e+00
-3.8509779576379363e+05 1.0000000000000000e+00
-9.1215259593876312e+05 1.0000000000000000e+00
2.4512315969008967e+04 1.0000000000000000e+00
1.4086213812574622e+08 1.0000000000000000e+00
1.2316148831653613e+08 1.0000000000000000e+00
2.2663462255148430e+09 1.0000000000000000e+00
-1.6542971199469748e+06 1.0000000000000000e+00
2.0235469176028660e+06 1.0000000000000000e+00
-7.4372717619688669e+05 1.0000000000000000e+00
8.1898806124209476e+08 1.0000000000000000e+00
2.2968720859185648e+09 1.0000000000000000e+00
1.2500030742776973e+09 1.0000000000000000e+00
-4.3975451262667775e-06 1.0000000000000000e+00
-2.7567148208618164e-07 1.0000000000000000e+00
8.2979822764173150e-06 1.0000000000000000e+00
1.8575491174279497e+09 1.0000000000000000e+00
3.7925322915516126e+08 1.0000000000000000e+00
1.8710183566236207e+09 1.0000000000000000e+00
1.3308656685597915e+06 1.0000000000000000e+00
3.2336363955760049e+06 1.0000000000000000e+00
-3.1934532526919981e+06 1.0000000000000000e+00
9.1387490598887467e+08 1.0000000000000000e+00
1.1522739590117562e+09 1.0000000000000000e+00
5.4176228080738425e+08 1.0000000000000000e+00
-1.6788308685038544e+06 1.0000000000000000e+00
3.2654342555778045e+07 1.0000000000000000e+00
3.1274061958016211e+05 1.0000000000000000e+00
4.4798483765433702e+09 1.0000000000000000e+00
6.1852459642225742e+08 1.0000000000000000e+00
6.2587954508968678e+09 1.0000000000000000e+00
7.3695991681766463e+06 1.0000000000000000e+00
4.5041087807160700e+06 1.0000000000000000e+00
-2.0168284001562863e+06 1.0000000000000000e+00
1.2121520673800051e+09 1.0000000000000000e+00
1.8120457760085359e+09 1.0000000000000000e+00
1.5464882667309082e+09 1.0000000000000000e+00
-2.1931610610384399e+04 1.0000000000000000e+00
2.7401859002803257e+06 1.0000000000000000e+00
1.8043598290492519e+05 1.0000000000000000e+00
2.4032677184769268e+09 1.0000000000000000e+00
1.0416489216880862e+08 1.0000000000000000e+00
3.9613527495192170e+08 1.0000000000000000e+00
-1.1815122561141646e+06 1.0000000000000000e+00
2.2740556214799732e+06 1.0000000000000000e+00
2.1271898856124063e+06 1.0000000000000000e+00
6.1700501955891025e+08 1.0000000000000000e+00
4.8316030261597306e+07 1.0000000000000000e+00
6.0641144585895004e+09 1.0000000000000000e+00
7.0773815732490169e+06 1.0000000000000000e+00
-3.3648012460069008e+07 1.0000000000000000e+00
1.0009048955255661e+06 1.0000000000000000e+00
4.1741716757939005e+09 1.0000000000000000e+00
2.3751536159849072e+09 1.0000000000000000e+00
3.9153433656016140e+09 1.0000000000000000e+00
8.2718117083301966e+05 1.0000000000000000e+00
9.3996007821140029e+06 1.0000000000000000e+00
-1.7401754246667770e+06 1.0000000000000000e+00
6.2724108292937124e+08 1.0000000000000000e+00
1.1089395712438639e+08 1.0000000000000000e+00
6.3442596704245198e+08 1.0000000000000000e+00
-7.0131434574685176e+05 1.0000000000000000e+00
-2.6271402774474421e+06 1.0000000000000000e+00
2.3529484241347210e+05 1.0000000000000000e+00
4.2331676880227655e+08 1.0000000000000000e+00
1.6802993622393137e+08 1.0000000000000000e+00
2.0373599325345597e+09 1.0000000000000000e+00
-2.9296202564748609e+05 1.0000000000000000e+00
1.0000000000000000e+00 1.0000000000000000e+00
-1.9851333970309040e+05 1.0000000000000000e+00
6.5685172122187686e+08 1.0000000000000000e+00
5.0230385049867406e+07 1.0000000000000000e+00
6.5240039043873072e+08 1.0000000000000000e+00
2.7750132701332582e+05 1.0000000000000000e+00
2.7428583713982580e+05 1.0000000000000000e+00
5.5713252019018117e+04 1.0000000000000000e+00
3.1445005640201735e+08 1.0000000000000000e+00
4.8631649371097125e+07 1.0000000000000000e+00
3.1446595395321941e+08 1.0000000000000000e+00
-1.0116417367785471e+02 1.0000000000000000e+00
-5.3405124564713333e+03 1.0000000000000000e+00
6.6951598309587280e+02 1.0000000000000000e+00
2.8456376356289017e+08 1.0000000000000000e+00
2.8042521828613520e+07 1.0000000000000000e+00
2.8456432431669348e+08 1.0000000000000000e+00
-2.2152471031953034e+05 1.0000000000000000e+00
9.7736907026928989e+05 1.0000000000000000e+00
4.9845237730553740e+05 1.0000000000000000e+00
2.0606665091047174e+08 1.0000000000000000e+00
3.0589143314333135e+08 1.0000000000000000e+00
1.0520327675739603e+10 1.0000000000000000e+00
-1.5943993873362240e+05 1.0000000000000000e+00
1.1835877009362965e+06 1.0000000000000000e+00
4.8344853045643191e+05 1.0000000000000000e+00
2.9180464717288489e+09 1.0000000000000000e+00
1.6649449205181891e+08 1.0000000000000000e+00
1.9754088707272980e+08 1.0000000000000000e+00
3.1363953170454333e+05 1.0000000000000000e+00
-1.2607464278947078e+07 1.0000000000000000e+00
-2.5262204975755583e+06 1.0000000000000000e+00
2.5368923787154140e+09 1.0000000000000000e+00
1.8939914645390687e+09 1.0000000000000000e+00
2.4759884284487705e+09 1.0000000000000000e+00
4.2171208507470405e+06 1.0000000000000000e+00
-3.1413862091551151e+07 1.0000000000000000e+00
-1.8983135330443589e+06 1.0000000000000000e+00
3.8472284280634003e+09 1.0000000000000000e+00
2.3172608403081179e+09 1.0000000000000000e+00
3.5139475391305971e+09 1.0000000000000000e+00
-7.7312871112073236e+05 1.0000000000000000e+00
2.2279334335823073e+06 1.0000000000000000e+00
1.0441578895127495e+06 1.0000000000000000e+00
4.6288000404369622e+08 1.0000000000000000e+00
2.1338149687057477e+08 1.0000000000000000e+00
9.2214157346535053e+09 1.0000000000000000e+00
-4.5394911521214159e+05 1.0000000000000000e+00
9.7737993867194641e+05 1.0000000000000000e+00
2.1800795892957714e+06 1.0000000000000000e+00
1.0810643609961929e+10 1.0000000000000000e+00
6.0108477888889170e+08 1.0000000000000000e+00
2.1092178267234933e+08 1.0000000000000000e+00
-7.4484801140099473e+04 1.0000000000000000e+00
1.1835877009365158e+06 1.0000000000000000e+00
1.0163892319047762e+05 1.0000000000000000e+00
1.8907535033598095e+08 1.0000000000000000e+00
9.8132127519360125e+07 1.0000000000000000e+00
2.8581496439329886e+09 1.0000000000000000e+00
-2.6906376449728804e+06 1.0000000000000000e+00
5.7540706790428644e+05 1.0000000000000000e+00
6.5843183858737838e+05 1.0000000000000000e+00
-9.0408642184049971e+06 1.0000000000000000e+00
5.3841876119353783e+08 1.0000000000000000e+00
2.5157773740257602e+09 1.0000000000000000e+00
7.0401283138337918e+06 1.0000000000000000e+00
2.9510961830057263e+07 1.0000000000000000e+00
-1.8155950277648017e+07 1.0000000000000000e+00
3.6932547053538637e+09 1.0000000000000000e+00
5.3875098818392336e+08 1.0000000000000000e+00
4.3340997171067543e+09 1.0000000000000000e+00
-9.2178641953114024e+05 1.0000000000000000e+00
3.2654342555778030e+07 1.0000000000000000e+00
1.0693527160350664e+06 1.0000000000000000e+00
6.3498405569554090e+09 1.0000000000000000e+00
8.0036684897716284e+08 1.0000000000000000e+00
4.5706455230397387e+09 1.0000000000000000e+00
3.0103740629715467e+05 1.0000000000000000e+00
4.5041087807174306e+06 1.0000000000000000e+00
-8.2646474541325180e+05 1.0000000000000000e+00
5.0550119128570938e+08 1.0000000000000000e+00
1.1153698480124252e+09 1.0000000000000000e+00
1.5564632148310947e+09 1.0000000000000000e+00
1.6453132237810909e+06 1.0000000000000000e+00
-3.1413862091552224e+07 1.0000000000000000e+00
-1.7122509889866491e+06 1.0000000000000000e+00
3.8653222148203855e+09 1.0000000000000000e+00
2.8181063125239520e+09 1.0000000000000000e+00
3.9966992245894432e+09 1.0000000000000000e+00
-1.4003756463721618e+06 1.0000000000000000e+00
2.2279334335833834e+06 1.0000000000000000e+00
4.7717307059405269e+06 1.0000000000000000e+00
9.8227313639558983e+09 1.0000000000000000e+00
8.9055946069989991e+08 1.0000000000000000e+00
5.3874233857097423e+08 1.0000000000000000e+00
-1.3498326140870058e+05 1.0000000000000000e+00
2.5788920923332036e+06 1.0000000000000000e+00
8.1802962042689649e+05 1.0000000000000000e+00
6.9196713056950092e+09 1.0000000000000000e+00
3.0096803496322894e+08 1.0000000000000000e+00
3.9653024819866592e+08 1.0000000000000000e+00
-1.2171176667739043e+05 1.0000000000000000e+00
-3.1266701625309903e+06 1.0000000000000000e+00
5.3407677713888494e+04 1.0000000000000000e+00
2.8566938359552231e+09 1.0000000000000000e+00
8.2194255666739970e+07 1.0000000000000000e+00
4.8211653061152738e+08 1.0000000000000000e+00
3.3471919687610224e+05 1.0000000000000000e+00
-2.3722465671199590e+07 1.0000000000000000e+00
1.0642596741911788e+06 1.0000000000000000e+00
4.3899554722791672e+09 1.0000000000000000e+00
4.9287604244205034e+08 1.0000000000000000e+00
3.8957680634830832e+09 1.0000000000000000e+00
-9.4129647010087278e+06 1.0000000000000000e+00
6.1969877608788520e+07 1.0000000000000000e+00
-1.2894509820513152e+07 1.0000000000000000e+00
4.8720892787575302e+09 1.0000000000000000e+00
3.2215190519636054e+09 1.0000000000000000e+00
5.3140995956260109e+09 1.0000000000000000e+00
4.6945359052269312e+05 1.0000000000000000e+00
-3.5779092108757759e+03 1.0000000000000000e+00
-4.6841423757112178e+05 1.0000000000000000e+00
3.3321587978184408e+08 1.0000000000000000e+00
1.9138550380162114e+08 1.0000000000000000e+00
3.3360651194378382e+08 1.0000000000000000e+00
1.6283519450387859e+04 1.0000000000000000e+00
-1.2113220962872729e+04 1.0000000000000000e+00
-1.4425982914852444e+04 1.0000000000000000e+00
1.9636044252641265e+09 1.0000000000000000e+00
1.6965968177725050e+08 1.0000000000000000e+00
1.9631470649660678e+09 1.0000000000000000e+00
7.2834135994101889e+04 1.0000000000000000e+00
-2.9210476654786151e+04 1.0000000000000000e+00
1.5418491397177888e+05 1.0000000000000000e+00
8.2761503679446196e+06 1.0000000000000000e+00
4.3778986531845242e+07 1.0000000000000000e+00
1.3220066159993086e+09 1.0000000000000000e+00
1.0202836167214023e+06 1.0000000000000000e+00
-8.4360521717981789e+06 1.0000000000000000e+00
-2.0517756678401557e+05 1.0000000000000000e+00
6.3446628633840334e+08 1.0000000000000000e+00
1.1086831968829615e+08 1.0000000000000000e+00
6.2790426429590786e+08 1.0000000000000000e+00
-2.5802149307664367e+05 1.0000000000000000e+00
2.3220980618760437e+07 1.0000000000000000e+00
-4.0553847985592729e+05 1.0000000000000000e+00
4.5300928657363472e+09 1.0000000000000000e+00
5.7102230077709842e+08 1.0000000000000000e+00
1.0304836986015511e+10 1.0000000000000000e+00
-1.5720697335340091e+05 1.0000000000000000e+00
2.3220980618759781e+07 1.0000000000000000e+00
-4.0479089865007083e+05 1.0000000000000000e+00
1.0305807823100130e+10 1.0000000000000000e+00
5.8627034269437897e+08 1.0000000000000000e+00
4.5443700705688057e+09 1.0000000000000000e+00
3.9680027966057882e+04 1.0000000000000000e+00
1.6389678262881178e+07 1.0000000000000000e+00
-7.2376333446224662e+05 1.0000000000000000e+00
1.1523386916955637e+10 1.0000000000000000e+00
8.2002980213886023e+08 1.0000000000000000e+00
1.1542281538233652e+10 1.0000000000000000e+00
-1.2559152497328640e+05 1.0000000000000000e+00
-1.1611862808076486e+06 1.0000000000000000e+00
6.0376162276019895e+04 1.0000000000000000e+00
1.2944685921011229e+10 1.0000000000000000e+00
4.1935006913616669e+08 1.0000000000000000e+00
1.9133782860281742e+08 1.0000000000000000e+00
-1.6873458805344272e+06 1.0000000000000000e+00
-1.0782645624376840e+06 1.0000000000000000e+00
5.6854389843683247e+05 1.0000000000000000e+00
2.3674750157849574e+08 1.0000000000000000e+00
6.0151373269921660e+08 1.0000000000000000e+00
1.2332478870956059e+10 1.0000000000000000e+00
9.0896161841350701e+05 1.0000000000000000e+00
1.6553925995990422e+07 1.0000000000000000e+00
-1.0834222973420518e+05 1.0000000000000000e+00
2.4620966177445898e+09 1.0000000000000000e+00
1.7611067403290040e+09 1.0000000000000000e+00
2.5079255942114077e+09 1.0000000000000000e+00
-2.9690199020366850e+06 1.0000000000000000e+00
4.0332893028019093e+07 1.0000000000000000e+00
-8.1988706531413402e+06 1.0000000000000000e+00
3.8729302352953730e+09 1.0000000000000000e+00
2.9221436328594046e+09 1.0000000000000000e+00
4.2320835253364363e+09 1.0000000000000000e+00
-1.9898763578583897e+05 1.0000000000000000e+00
-2.5782337989040753e+06 1.0000000000000000e+00
9.5329199748758372e+04 1.0000000000000000e+00
6.8206660197911358e+09 1.0000000000000000e+00
1.9031527966491708e+08 1.0000000000000000e+00
4.0958998418455726e+08 1.0000000000000000e+00
-5.9078557452279702e+05 1.0000000000000000e+00
-1.1611878072751462e+06 1.0000000000000000e+00
1.2558084685391549e+05 1.0000000000000000e+00
1.9133588678568092e+08 1.0000000000000000e+00
4.9890591298705852e+08 1.0000000000000000e+00
1.3024248065938641e+10 1.0000000000000000e+00
-3.2436634990563313e+05 1.0000000000000000e+00
-1.0782638267478298e+06 1.0000000000000000e+00
2.5144755152103014e+05 1.0000000000000000e+00
1.2119996265028286e+10 1.0000000000000000e+00
3.6622661504650348e+08 1.0000000000000000e+00
2.1393360984710374e+08 1.0000000000000000e+00
-2.4171869625879728e+05 1.0000000000000000e+00
1.0000000000000000e+00 1.0000000000000000e+00
1.0034502176949179e+06 1.0000000000000000e+00
2.7034482813082142e+09 1.0000000000000000e+00
1.7314434262662390e+08 1.0000000000000000e+00
1.9423803628999503e+09 1.0000000000000000e+00
2.2585301994022116e+05 1.0000000000000000e+00
2.5534933784837723e+06 1.0000000000000000e+00
-1.6780167745887907e+06 1.0000000000000000e+00
1.2320923831595521e+09 1.0000000000000000e+00
7.2489456539555109e+08 1.0000000000000000e+00
9.9358165845626855e+08 1.0000000000000000e+00
-2.3116155803057627e+04 1.0000000000000000e+00
2.8080829679026268e+04 1.0000000000000000e+00
6.2107980801392987e+03 1.0000000000000000e+00
2.3325164424712806e+09 1.0000000000000000e+00
1.0620751563612039e+09 1.0000000000000000e+00
2.3682941756260257e+09 1.0000000000000000e+00
-5.7207948352809690e+04 1.0000000000000000e+00
2.5788920923329303e+06 1.0000000000000000e+00
1.9375355683861923e+05 1.0000000000000000e+00
4.1189236855548429e+08 1.0000000000000000e+00
2.0618130291329598e+08 1.0000000000000000e+00
6.8095224532886019e+09 1.0000000000000000e+00
6.5193569603001988e+06 1.0000000000000000e+00
-3.3647941398231469e+07 1.0000000000000000e+00
-2.9283161092841700e+06 1.0000000000000000e+00
4.5531534699093847e+09 1.0000000000000000e+00
3.2729972405282297e+09 1.0000000000000000e+00
4.4341632706351633e+09 1.0000000000000000e+00
-6.1571674404906118e+06 1.0000000000000000e+00
4.0333052838431142e+07 1.0000000000000000e+00
-5.0146720925609916e+06 1.0000000000000000e+00
4.0883101584130855e+09 1.0000000000000000e+00
2.8168040762386045e+09 1.0000000000000000e+00
3.9114378677913122e+09 1.0000000000000000e+00
-9.0405942214693560e+05 1.0000000000000000e+00
-2.5863521196559556e+06 1.0000000000000000e+00
1.7999987976252881e+05 1.0000000000000000e+00
4.1504910648674029e+08 1.0000000000000000e+00
3.1680912921503365e+08 1.0000000000000000e+00
6.9435605307807503e+09 1.0000000000000000e+00
-1.8000406022974579e+06 1.0000000000000000e+00
-2.4735365496865967e+06 1.0000000000000000e+00
3.5150608880555083e+05 1.0000000000000000e+00
4.1550488840947968e+08 1.0000000000000000e+00
3.1711311704401773e+08 1.0000000000000000e+00
3.0326040503219261e+09 1.0000000000000000e+00
-3.8644794124331405e+04 1.0000000000000000e+00
5.2608151883585379e+01 1.0000000000000000e+00
3.8775194104345850e+04 1.0000000000000000e+00
3.0953086697221202e+08 1.0000000000000000e+00
1.4011920217752540e+08 1.0000000000000000e+00
3.0961826471876627e+08 1.0000000000000000e+00
-4.5861242353017398e+04 1.0000000000000000e+00
-3.6608421793302521e+04 1.0000000000000000e+00
6.8560056199020051e+04 1.0000000000000000e+00
5.2141753986300974e+09 1.0000000000000000e+00
2.5541980992741017e+09 1.0000000000000000e+00
5.2141764975939045e+09 1.0000000000000000e+00
1.6955017787931329e+06 1.0000000000000000e+00
-3.1297364109929476e+03 1.0000000000000000e+00
-1.6943037814061544e+06 1.0000000000000000e+00
8.4522139732615709e+08 1.0000000000000000e+00
1.1673904650838168e+09 1.0000000000000000e+00
8.4582087843009746e+08 1.0000000000000000e+00
-2.3598287571645828e+05 1.0000000000000000e+00
2.6747502708786870e+06 1.0000000000000000e+00
8.8045551013099786e+05 1.0000000000000000e+00
2.0424443881248159e+09 1.0000000000000000e+00
1.6800273899556392e+08 1.0000000000000000e+00
4.2402167818835288e+08 1.0000000000000000e+00
-5.3957237965324748e+04 1.0000000000000000e+00
3.1369682672864618e+06 1.0000000000000000e+00
1.2098483638284871e+05 1.0000000000000000e+00
4.8319699919180280e+08 1.0000000000000000e+00
8.2155730128287837e+07 1.0000000000000000e+00
2.8568623465215898e+09 1.0000000000000000e+00
-7.8082579854677751e+04 1.0000000000000000e+00
1.0000000000000000e+00 1.0000000000000000e+00
8.6412614835021814e+04 1.0000000000000000e+00
8.8680784227912831e+08 1.0000000000000000e+00
1.0757930626694931e+08 1.0000000000000000e+00
1.7985555646657422e+09 1.0000000000000000e+00
6.5444459964210354e+05 1.0000000000000000e+00
-2.7640198171138763e-01 1.0000000000000000e+00
-6.5444432323826151e+05 1.0000000000000000e+00
1.2363183113598972e+10 1.0000000000000000e+00
8.5452647685448277e+08 1.0000000000000000e+00
1.2363178898770527e+10 1.0000000000000000e+00
-1.4688961286525594e+06 1.0000000000000000e+00
2.3214363735308871e+02 1.0000000000000000e+00
1.4691229625080158e+06 1.0000000000000000e+00
6.8886379831799698e+08 1.0000000000000000e+00
1.6097048137695613e+09 1.0000000000000000e+00
6.8904680493380678e+08 1.0000000000000000e+00
-2.0573629369953170e+05 1.0000000000000000e+00
-4.2410207260446771e+02 1.0000000000000000e+00
2.0596238753910593e+05 1.0000000000000000e+00
9.4026592366155541e+08 1.0000000000000000e+00
2.1185391093191066e+09 1.0000000000000000e+00
9.4046842075204945e+08 1.0000000000000000e+00
1.8588144200737588e+01 1.0000000000000000e+00
1.7097491673659533e+02 1.0000000000000000e+00
-5.6034572236356325e+01 1.0000000000000000e+00
6.8675390646883976e+08 1.0000000000000000e+00
2.6444726948783880e+08 1.0000000000000000e+00
6.8675390646884000e+08 1.0000000000000000e+00
1.9817752640966282e+06 1.0000000000000000e+00
1.6895737609804200e+02 1.0000000000000000e+00
-1.9819442214754291e+06 1.0000000000000000e+00
7.3472519392213535e+08 1.0000000000000000e+00
1.7010720665962512e+09 1.0000000000000000e+00
7.3479669711592400e+08 1.0000000000000000e+00
-2.4124003841415448e+04 1.0000000000000000e+00
6.6502034677565098e+02 1.0000000000000000e+00
2.3747928868164068e+04 1.0000000000000000e+00
2.7938616156957417e+09 1.0000000000000000e+00
1.2591571559666350e+09 1.0000000000000000e+00
2.7938616189972963e+09 1.0000000000000000e+00
-3.5869889388801885e+05 1.0000000000000000e+00
-2.3009303133527283e+02 1.0000000000000000e+00
3.5937102579798875e+05 1.0000000000000000e+00
6.2578113269659019e+08 1.0000000000000000e+00
9.5467622142643309e+08 1.0000000000000000e+00
6.2626699617939043e+08 1.0000000000000000e+00
-1.6325148033286413e+05 1.0000000000000000e+00
-1.1196623154973611e+04 1.0000000000000000e+00
1.6430841004714821e+05 1.0000000000000000e+00
4.5187891785815859e+09 1.0000000000000000e+00
3.9305021649513930e+08 1.0000000000000000e+00
4.5180433212954235e+09 1.0000000000000000e+00
4.3493190656538407e+05 1.0000000000000000e+00
5.2005085833370686e+00 1.0000000000000000e+00
-4.3493710708111827e+05 1.0000000000000000e+00
1.2369683584456705e+10 1.0000000000000000e+00
8.6753475025163436e+08 1.0000000000000000e+00
1.2369683039941507e+10 1.0000000000000000e+00
1.1451800984197997e+06 1.0000000000000000e+00
5.9242096970044076e+02 1.0000000000000000e+00
-1.1454288896233102e+06 1.0000000000000000e+00
9.3178032058473170e+08 1.0000000000000000e+00
2.1014646028088894e+09 1.0000000000000000e+00
9.3191369910935473e+08 1.0000000000000000e+00
-1.8043593300956619e+05 1.0000000000000000e+00
2.7401858878511759e+06 1.0000000000000000e+00
2.1937455111296669e+04 1.0000000000000000e+00
4.0324925148179740e+08 1.0000000000000000e+00
1.1127886931606247e+08 1.0000000000000000e+00
2.4032677190950623e+09 1.0000000000000000e+00
-2.1907530067913951e+06 1.0000000000000000e+00
2.2744245745579419e+06 1.0000000000000000e+00
8.7762756485639177e+06 1.0000000000000000e+00
7.2182272688455658e+09 1.0000000000000000e+00
1.2371540165317054e+09 1.0000000000000000e+00
6.5164152172730482e+08 1.0000000000000000e+00
-3.9221178152159450e+05 1.0000000000000000e+00
-2.3722719848197713e+07 1.0000000000000000e+00
3.8832549774312117e+05 1.0000000000000000e+00
3.8891117265014067e+09 1.0000000000000000e+00
4.8548353749551970e+08 1.0000000000000000e+00
4.3892280644870081e+09 1.0000000000000000e+00
-3.5459569808437536e+05 1.0000000000000000e+00
-2.4767987834384968e+06 1.0000000000000000e+00
1.2803211959661960e+05 1.0000000000000000e+00
2.7877628761003742e+09 1.0000000000000000e+00
7.9747500899375618e+07 1.0000000000000000e+00
4.2351853257274747e+08 1.0000000000000000e+00
-1.0845583978258051e+07 1.0000000000000000e+00
6.1929162277405046e+07 1.0000000000000000e+00
-1.1115051043321533e+07 1.0000000000000000e+00
5.1962554416086407e+09 1.0000000000000000e+00
3.1304025267238145e+09 1.0000000000000000e+00
4.8987932886801701e+09 1.0000000000000000e+00
-3.3061829288188506e+04 1.0000000000000000e+00
-1.6458018023520708e+01 1.0000000000000000e+00
3.3061744094177164e+04 1.0000000000000000e+00
2.7938611871465864e+09 1.0000000000000000e+00
1.2591561650155697e+09 1.0000000000000000e+00
2.7938611871465826e+09 1.0000000000000000e+00
1.3625029206258508e+06 1.0000000000000000e+00
2.3832201384237851e+02 1.0000000000000000e+00
-1.3631521851857861e+06 1.0000000000000000e+00
7.0071508449547553e+08 1.0000000000000000e+00
1.1045277149646473e+09 1.0000000000000000e+00
7.0118446238442183e+08 1.0000000000000000e+00
-1.0807892215479626e+06 1.0000000000000000e+00
1.1196623155150563e+04 1.0000000000000000e+00
1.0813020329730343e+06 1.0000000000000000e+00
4.5816665686325254e+09 1.0000000000000000e+00
5.1868786754928064e+08 1.0000000000000000e+00
4.5808035822976389e+09 1.0000000000000000e+00
1.2881021542469628e+07 1.0000000000000000e+00
-6.1929764392177604e+07 1.0000000000000000e+00
9.4025039887908697e+06 1.0000000000000000e+00
5.3135883648707571e+09 1.0000000000000000e+00
3.2209796529613094e+09 1.0000000000000000e+00
4.8720496541667414e+09 1.0000000000000000e+00
-3.5168405445018486e+05 1.0000000000000000e+00
2.4767987834386742e+06 1.0000000000000000e+00
1.7992706986374960e+06 1.0000000000000000e+00
3.0325710757868218e+09 1.0000000000000000e+00
3.1709174766170436e+08 1.0000000000000000e+00
4.1605457964862961e+08 1.0000000000000000e+00
1.3651928450785897e+05 1.0000000000000000e+00
-2.6396378382847463e+06 1.0000000000000000e+00
2.1931660546163650e+04 1.0000000000000000e+00
3.9613527433335418e+08 1.0000000000000000e+00
1.0416489216773751e+08 1.0000000000000000e+00
2.4032677701537981e+09 1.0000000000000000e+00
-1.0642304860658816e+06 1.0000000000000000e+00
2.3720744529959716e+07 1.0000000000000000e+00
-3.3282706739398348e+05 1.0000000000000000e+00
3.8957786440832357e+09 1.0000000000000000e+00
4.9289225275230026e+08 1.0000000000000000e+00
4.3901012362877636e+09 1.0000000000000000e+00
-2.1277718916371888e+06 1.0000000000000000e+00
-2.1365156447641016e+06 1.0000000000000000e+00
1.5097760197283546e+06 1.0000000000000000e+00
6.0822617533424597e+09 1.0000000000000000e+00
4.8348467126275308e+07 1.0000000000000000e+00
6.1704206634714794e+08 1.0000000000000000e+00
-5.6852690420501377e+05 1.0000000000000000e+00
1.0782638267475374e+06 1.0000000000000000e+00
1.6872885486365135e+06 1.0000000000000000e+00
1.2332470164915880e+10 1.0000000000000000e+00
6.0151385615176773e+08 1.0000000000000000e+00
2.3674695106501085e+08 1.0000000000000000e+00
-6.0397972919487023e+04 1.0000000000000000e+00
1.1611866930550071e+06 1.0000000000000000e+00
1.2558784596839412e+05 1.0000000000000000e+00
1.9133611570388529e+08 1.0000000000000000e+00
4.1934666266886920e+08 1.0000000000000000e+00
1.2944689223590977e+10 1.0000000000000000e+00
1.0833674990399279e+05 1.0000000000000000e+00
-1.6554663498131914e+07 1.0000000000000000e+00
-9.0878606504723895e+05 1.0000000000000000e+00
2.5077718661207809e+09 1.0000000000000000e+00
1.7611228025737717e+09 1.0000000000000000e+00
2.4621515405370216e+09 1.0000000000000000e+00
8.1979013694519792e+06 1.0000000000000000e+00
-4.0333400213714316e+07 1.0000000000000000e+00
2.9700488230401929e+06 1.0000000000000000e+00
4.2320395973822427e+09 1.0000000000000000e+00
2.9221246652031183e+09 1.0000000000000000e+00
3.8730349291746783e+09 1.0000000000000000e+00
-1.2558084685434635e+05 1.0000000000000000e+00
1.1611878072753637e+06 1.0000000000000000e+00
5.9078557453045633e+05 1.0000000000000000e+00
1.3024248065938637e+10 1.0000000000000000e+00
4.9890591298705053e+08 1.0000000000000000e+00
1.9133588678567198e+08 1.0000000000000000e+00
-9.5347170382360418e+04 1.0000000000000000e+00
2.5863521196564762e+06 1.0000000000000000e+00
1.9819531959557629e+05 1.0000000000000000e+00
4.1109593452427381e+08 1.0000000000000000e+00
1.9026395223951033e+08 1.0000000000000000e+00
6.8209685257677135e+09 1.0000000000000000e+00
-2.5148754990622206e+05 1.0000000000000000e+00
1.0782645624370645e+06 1.0000000000000000e+00
3.2436012510458968e+05 1.0000000000000000e+00
2.1393070258269975e+08 1.0000000000000000e+00
3.6622045250924248e+08 1.0000000000000000e+00
1.2120002389762056e+10 1.0000000000000000e+00
5.0137530927360663e+06 1.0000000000000000e+00
-4.0333210673096135e+07 1.0000000000000000e+00
6.1584134527579788e+06 1.0000000000000000e+00
3.9113453453314304e+09 1.0000000000000000e+00
2.8168335499717073e+09 1.0000000000000000e+00
4.0883643743506851e+09 1.0000000000000000e+00
-9.0994996818628744e+05 1.0000000000000000e+00
1.0000000000000000e+00 1.0000000000000000e+00
1.2561102810850691e+06 1.0000000000000000e+00
8.8756410218130386e+08 1.0000000000000000e+00
1.1691234501173367e+08 1.0000000000000000e+00
1.8036938250571201e+09 1.0000000000000000e+00
-1.2433108140023651e+05 1.0000000000000000e+00
-2.6311716928491564e+06 1.0000000000000000e+00
-2.4914828400619866e+04 1.0000000000000000e+00
1.9328797677929237e+09 1.0000000000000000e+00
5.4908802278508097e+07 1.0000000000000000e+00
4.1536553497007036e+08 1.0000000000000000e+00
-5.5964951104734919e+05 1.0000000000000000e+00
-3.1328150557624064e+06 1.0000000000000000e+00
9.6894724937523511e+04 1.0000000000000000e+00
4.8571867980815452e+08 1.0000000000000000e+00
1.6216555122446913e+08 1.0000000000000000e+00
2.9342983670381985e+09 1.0000000000000000e+00
7.2618872849599196e+04 1.0000000000000000e+00
3.1379781645662151e+03 1.0000000000000000e+00
-7.2089454015337629e+04 1.0000000000000000e+00
8.0125959928362000e+08 1.0000000000000000e+00
1.0794589778014407e+09 1.0000000000000000e+00
8.0185120059885752e+08 1.0000000000000000e+00
-3.6636541886790525e+04 1.0000000000000000e+00
3.7812767791895196e+04 1.0000000000000000e+00
1.3178160843928195e+04 1.0000000000000000e+00
5.2141737679209671e+09 1.0000000000000000e+00
2.5541961750184474e+09 1.0000000000000000e+00
5.2141762882216740e+09 1.0000000000000000e+00
1.7537975683666623e+05 1.0000000000000000e+00
-4.1950507776520681e+01 1.0000000000000000e+00
-1.7554673233566934e+05 1.0000000000000000e+00
3.3889611432701510e+08 1.0000000000000000e+00
1.9884001844884256e+08 1.0000000000000000e+00
3.3897788318221897e+08 1.0000000000000000e+00
-1.7948795464667561e+05 1.0000000000000000e+00
2.5782337989044883e+06 1.0000000000000000e+00
9.0338177569227619e+05 1.0000000000000000e+00
6.9432573767823467e+09 1.0000000000000000e+00
3.1685980227766311e+08 1.0000000000000000e+00
4.1354314980609256e+08 1.0000000000000000e+00
-1.2887855187974330e+05 1.0000000000000000e+00
2.4735365496858270e+06 1.0000000000000000e+00
3.5471573795167002e+05 1.0000000000000000e+00
4.2293012234891021e+08 1.0000000000000000e+00
7.9699960649104297e+07 1.0000000000000000e+00
2.7877656599875836e+09 1.0000000000000000e+00
-1.0008741458184510e+06 1.0000000000000000e+00
3.3647941398233630e+07 1.0000000000000000e+00
-7.0773188470942266e+06 1.0000000000000000e+00
3.9153042273382049e+09 1.0000000000000000e+00
2.3751589596331563e+09 1.0000000000000000e+00
4.1741742323132720e+09 1.0000000000000000e+00
-8.1802962042770837e+05 1.0000000000000000e+00
-2.5788920923328772e+06 1.0000000000000000e+00
1.3498326140795436e+05 1.0000000000000000e+00
3.9653024819874561e+08 1.0000000000000000e+00
3.0096803496290028e+08 1.0000000000000000e+00
6.9196713056949358e+09 1.0000000000000000e+00
4.0681738173109363e+05 1.0000000000000000e+00
1.0000000000000000e+00 1.0000000000000000e+00
7.6577583233520971e+05 1.0000000000000000e+00
2.7174594075018287e+09 1.0000000000000000e+00
1.5984141084651884e+08 1.0000000000000000e+00
1.9337058422393239e+09 1.0000000000000000e+00
2.1746771359559922e+06 1.0000000000000000e+00
-1.9877121040030327e+06 1.0000000000000000e+00
-4.8549866721440078e+05 1.0000000000000000e+00
9.4992855169761682e+08 1.0000000000000000e+00
2.7950783190116090e+08 1.0000000000000000e+00
8.3035281495994806e+08 1.0000000000000000e+00
4.0553847985602543e+05 1.0000000000000000e+00
-2.3220980618760753e+07 1.0000000000000000e+00
2.5802149308058401e+05 1.0000000000000000e+00
1.0304836986015516e+10 1.0000000000000000e+00
5.7102230077709901e+08 1.0000000000000000e+00
4.5300928657363424e+09 1.0000000000000000e+00
4.0479089865309640e+05 1.0000000000000000e+00
-2.3220980618759684e+07 1.0000000000000000e+00
1.5720697335382656e+05 1.0000000000000000e+00
4.5443700705690536e+09 1.0000000000000000e+00
5.8627034269431520e+08 1.0000000000000000e+00
1.0305807823100027e+10 1.0000000000000000e+00
-1.5883582334696286e+04 1.0000000000000000e+00
-2.8080829679095186e+04 1.0000000000000000e+00
3.1925805617865684e+04 1.0000000000000000e+00
2.3675405159035206e+09 1.0000000000000000e+00
1.0620870459967961e+09 1.0000000000000000e+00
2.3332819918293738e+09 1.0000000000000000e+00
-4.8344853045463981e+05 1.0000000000000000e+00
-1.1835877009361365e+06 1.0000000000000000e+00
1.5943993873344187e+05 1.0000000000000000e+00
1.9754088707277888e+08 1.0000000000000000e+00
1.6649449205197808e+08 1.0000000000000000e+00
2.9180464717288098e+09 1.0000000000000000e+00
7.2377007028586860e+05 1.0000000000000000e+00
-1.6389678262879044e+07 1.0000000000000000e+00
-3.9686763797853906e+04 1.0000000000000000e+00
1.1542282243503048e+10 1.0000000000000000e+00
8.2002585602190113e+08 1.0000000000000000e+00
1.1523382265569252e+10 1.0000000000000000e+00
-4.9841048020032019e+05 1.0000000000000000e+00
-9.7737993867207319e+05 1.0000000000000000e+00
2.2143349083581328e+05 1.0000000000000000e+00
1.0520313459705826e+10 1.0000000000000000e+00
3.0589723231856441e+08 1.0000000000000000e+00
2.0606438635813251e+08 1.0000000000000000e+00
2.5264541696259337e+06 1.0000000000000000e+00
1.2607464278946673e+07 1.0000000000000000e+00
-3.1363052911137079e+05 1.0000000000000000e+00
2.4758637720651441e+09 1.0000000000000000e+00
1.8939915728451772e+09 1.0000000000000000e+00
2.5370171434061246e+09 1.0000000000000000e+00
1.8983135330380579e+06 1.0000000000000000e+00
3.1413862091552183e+07 1.0000000000000000e+00
-4.2171208507442884e+06 1.0000000000000000e+00
3.5139475391305876e+09 1.0000000000000000e+00
2.3172608403081284e+09 1.0000000000000000e+00
3.8472284280634174e+09 1.0000000000000000e+00
-2.1802079729296062e+06 1.0000000000000000e+00
-9.7736907026818395e+05 1.0000000000000000e+00
4.5394122924196930e+05 1.0000000000000000e+00
2.1091663352860650e+08 1.0000000000000000e+00
6.0107710050289464e+08 1.0000000000000000e+00
1.0810663360481056e+10 1.0000000000000000e+00
-1.0163892318896488e+05 1.0000000000000000e+00
-1.1835877009363954e+06 1.0000000000000000e+00
7.4484801139914489e+04 1.0000000000000000e+00
2.8581496439329896e+09 1.0000000000000000e+00
9.8132127519238800e+07 1.0000000000000000e+00
1.8907535033600995e+08 1.0000000000000000e+00
-1.0441578895139645e+06 1.0000000000000000e+00
-2.2279334335834659e+06 1.0000000000000000e+00
7.7312871112037194e+05 1.0000000000000000e+00
9.2214157346535263e+09 1.0000000000000000e+00
2.1338149687034374e+08 1.0000000000000000e+00
4.6288000404378676e+08 1.0000000000000000e+00
1.7122509889890910e+06 1.0000000000000000e+00
3.1413862091552772e+07 1.0000000000000000e+00
-1.6453132237875289e+06 1.0000000000000000e+00
3.9966992245894423e+09 1.0000000000000000e+00
2.8181063125239725e+09 1.0000000000000000e+00
3.8653222148204060e+09 1.0000000000000000e+00
-7.3678359181203775e+05 1.0000000000000000e+00
1.0380429334357308e+05 1.0000000000000000e+00
1.1641565626751492e+05 1.0000000000000000e+00
8.1162025114995092e+06 1.0000000000000000e+00
1.1985390743665209e+08 1.0000000000000000e+00
1.3982417376218455e+09 1.0000000000000000e+00
1.0552553338540923e+06 1.0000000000000000e+00
9.3918625278540906e+06 1.0000000000000000e+00
-1.2073308368744906e+06 1.0000000000000000e+00
5.8728959364231980e+08 1.0000000000000000e+00
7.5975918481835037e+07 1.0000000000000000e+00
6.3955673493637621e+08 1.0000000000000000e+00
-1.6882009761801065e+05 1.0000000000000000e+00
1.0139297630027868e+04 1.0000000000000000e+00
1.6964974345136984e+05 1.0000000000000000e+00
1.9698434617298944e+09 1.0000000000000000e+00
1.8212258828761691e+08 1.0000000000000000e+00
1.9695026743587794e+09 1.0000000000000000e+00
1.8941803802982596e+05 1.0000000000000000e+00
3.5779092111163773e+03 1.0000000000000000e+00
-1.8855406979781901e+05 1.0000000000000000e+00
3.1535353060559839e+08 1.0000000000000000e+00
1.5565802464815390e+08 1.0000000000000000e+00
3.1574138196628249e+08 1.0000000000000000e+00
1.1125274774772458e+07 1.0000000000000000e+00
-6.1970488840737656e+07 1.0000000000000000e+00
1.0859455510724608e+07 1.0000000000000000e+00
4.8988618786646929e+09 1.0000000000000000e+00
3.1309748861881318e+09 1.0000000000000000e+00
5.1967926585309782e+09 1.0000000000000000e+00
-9.6528271506487479e+04 1.0000000000000000e+00
3.1266780639890940e+06 1.0000000000000000e+00
5.5885673712971131e+05 1.0000000000000000e+00
2.9341562386934071e+09 1.0000000000000000e+00
1.6221149806221837e+08 1.0000000000000000e+00
4.8467215476887709e+08 1.0000000000000000e+00
-4.7717307059406657e+06 1.0000000000000000e+00
-2.2279334335832763e+06 1.0000000000000000e+00
1.4003756463721283e+06 1.0000000000000000e+00
5.3874233857102489e+08 1.0000000000000000e+00
8.9055946070026982e+08 1.0000000000000000e+00
9.8227313639558754e+09 1.0000000000000000e+00
-1.9375355683957454e+05 1.0000000000000000e+00
-2.5788920923328386e+06 1.0000000000000000e+00
5.7207948351973835e+04 1.0000000000000000e+00
6.8095224532885847e+09 1.0000000000000000e+00
2.0618130291356680e+08 1.0000000000000000e+00
4.1189236855541795e+08 1.0000000000000000e+00
-3.8832549774333020e+05 1.0000000000000000e+00
2.3722719848197788e+07 1.0000000000000000e+00
3.9221178152135457e+05 1.0000000000000000e+00
4.3892280644870863e+09 1.0000000000000000e+00
4.8548353749550033e+08 1.0000000000000000e+00
3.8891117265015182e+09 1.0000000000000000e+00
2.0168284001574456e+06 1.0000000000000000e+00
-4.5041087807173925e+06 1.0000000000000000e+00
-7.3695991681764014e+06 1.0000000000000000e+00
1.5464882667309098e+09 1.0000000000000000e+00
1.8120457760085359e+09 1.0000000000000000e+00
1.2121520673800046e+09 1.0000000000000000e+00
-3.1274061958001601e+05 1.0000000000000000e+00
-3.2654342555777647e+07 1.0000000000000000e+00
1.6788308685024770e+06 1.0000000000000000e+00
6.2587954508971090e+09 1.0000000000000000e+00
6.1852459642275631e+08 1.0000000000000000e+00
4.4798483765436201e+09 1.0000000000000000e+00
1.3706214963053500e+06 1.0000000000000000e+00
-4.8963887639472680e+05 1.0000000000000000e+00
1.2042543614441263e+06 1.0000000000000000e+00
7.2911524978962794e+07 1.0000000000000000e+00
9.7709585271049533e+06 1.0000000000000000e+00
1.9051741964513717e+09 1.0000000000000000e+00
1.8058852240044408e+07 1.0000000000000000e+00
-2.4423160871271539e+07 1.0000000000000000e+00
-8.5064809713135716e+06 1.0000000000000000e+00
4.6951921509094038e+09 1.0000000000000000e+00
1.7961199949237983e+09 1.0000000000000000e+00
4.5983938139617186e+09 1.0000000000000000e+00
3.7511867700790439e+05 1.0000000000000000e+00
-2.7191554692709735e+06 1.0000000000000000e+00
-2.3075923967159240e+05 1.0000000000000000e+00
8.8326852367164803e+09 1.0000000000000000e+00
4.6065724459774041e+08 1.0000000000000000e+00
3.8494075056087370e+09 1.0000000000000000e+00
2.2834820260607665e+06 1.0000000000000000e+00
-2.0235469176046224e+06 1.0000000000000000e+00
-2.4175429036459867e+06 1.0000000000000000e+00
1.1845718019586821e+09 1.0000000000000000e+00
2.4965347027331614e+09 1.0000000000000000e+00
1.0840819503767076e+09 1.0000000000000000e+00
4.9412360507079065e+06 1.0000000000000000e+00
-3.7585316451798310e+06 1.0000000000000000e+00
-2.6844951561369705e+06 1.0000000000000000e+00
8.0026666633610499e+08 1.0000000000000000e+00
2.4807809007858100e+09 1.0000000000000000e+00
5.5285387079008234e+08 1.0000000000000000e+00
-1.0180192494874624e+04 1.0000000000000000e+00
7.3885998520283028e+03 1.0000000000000000e+00
6.8397192510494042e+03 1.0000000000000000e+00
2.5288597106159432e+02 1.0000000000000000e+00
1.0626324728909432e+09 1.0000000000000000e+00
3.4637436837126734e+02 1.0000000000000000e+00
-1.6396679226893256e+06 1.0000000000000000e+00
-3.7638042694194284e+06 1.0000000000000000e+00
4.0289577137532211e+06 1.0000000000000000e+00
5.6485578089749157e+08 1.0000000000000000e+00
2.6474643077267122e+09 1.0000000000000000e+00
9.5502856560209644e+08 1.0000000000000000e+00
-8.0399040598422289e-06 1.0000000000000000e+00
3.0919909477233887e-07 1.0000000000000000e+00
7.5967691373080015e-06 1.0000000000000000e+00
1.8700561994150524e+09 1.0000000000000000e+00
3.7925970481821823e+08 1.0000000000000000e+00
1.8585177502995784e+09 1.0000000000000000e+00
3.5280071956359688e+05 1.0000000000000000e+00
-3.2336363955785031e+06 1.0000000000000000e+00
1.1941853033332964e+06 1.0000000000000000e+00
6.9328388842373121e+08 1.0000000000000000e+00
9.3882381011034691e+08 1.0000000000000000e+00
5.4890314947271729e+08 1.0000000000000000e+00
-2.4116962496035069e+05 1.0000000000000000e+00
-2.7191554692719858e+06 1.0000000000000000e+00
2.9887377934308600e+05 1.0000000000000000e+00
3.8876305482334480e+09 1.0000000000000000e+00
5.2577654239720368e+08 1.0000000000000000e+00
8.8595814918911037e+09 1.0000000000000000e+00
7.4372717619339901e+05 1.0000000000000000e+00
-2.0235469176035989e+06 1.0000000000000000e+00
1.6542971199469860e+06 1.0000000000000000e+00
1.2500030742777171e+09 1.0000000000000000e+00
2.2968720859185753e+09 1.0000000000000000e+00
8.1898806124208331e+08 1.0000000000000000e+00
-7.3879491537809372e-06 1.0000000000000000e+00
2.2724270820617676e-07 1.0000000000000000e+00
9.0873509179800749e-06 1.0000000000000000e+00
1.8710183566236227e+09 1.0000000000000000e+00
3.7925322915516037e+08 1.0000000000000000e+00
1.8575491174279504e+09 1.0000000000000000e+00
3.1934532526936363e+06 1.0000000000000000e+00
-3.2336363955755266e+06 1.0000000000000000e+00
-1.3308656685570227e+06 1.0000000000000000e+00
5.4176228080738354e+08 1.0000000000000000e+00
1.1522739590117564e+09 1.0000000000000000e+00
9.1387490598887372e+08 1.0000000000000000e+00
-1.5600476031948667e+05 1.0000000000000000e+00
1.0000000000000000e+00 1.0000000000000000e+00
6.4728823609086941e+05 1.0000000000000000e+00
6.5496877326020730e+08 1.0000000000000000e+00
5.5420770956360593e+07 1.0000000000000000e+00
6.5947378298827350e+08 1.0000000000000000e+00
-3.7166744005736749e+05 1.0000000000000000e+00
2.7164696090374165e+05 1.0000000000000000e+00
3.8397573323808298e+04 1.0000000000000000e+00
3.3430458439449900e+08 1.0000000000000000e+00
8.8510691708427876e+07 1.0000000000000000e+00
3.3449052697944754e+08 1.0000000000000000e+00
1.0116417348399409e+02 1.0000000000000000e+00
5.3405124565365259e+03 1.0000000000000000e+00
-6.6951598368948908e+02 1.0000000000000000e+00
2.8456376356289011e+08 1.0000000000000000e+00
2.8042521828606568e+07 1.0000000000000000e+00
2.8456432431669670e+08 1.0000000000000000e+00
-1.5587203630710702e+05 1.0000000000000000e+00
2.6705075017405162e+06 1.0000000000000000e+00
1.2475826420384401e+05 1.0000000000000000e+00
4.1468467981691581e+08 1.0000000000000000e+00
5.4893333144608386e+07 1.0000000000000000e+00
1.9379823160883741e+09 1.0000000000000000e+00
5.8451013368288358e+05 1.0000000000000000e+00
-8.4437904260592982e+06 1.0000000000000000e+00
-3.3528644121296442e+05 1.0000000000000000e+00
6.3957542823102474e+08 1.0000000000000000e+00
7.6006252382298842e+07 1.0000000000000000e+00
5.8783573784786642e+08 1.0000000000000000e+00
2.9283161092857514e+06 1.0000000000000000e+00
3.3647941398232922e+07 1.0000000000000000e+00
-6.5193569603001578e+06 1.0000000000000000e+00
4.4341632706350746e+09 1.0000000000000000e+00
3.2729972405261397e+09 1.0000000000000000e+00
4.5531534699093838e+09 1.0000000000000000e+00
-2.1937455111628919e+04 1.0000000000000000e+00
-2.6396378382849186e+06 1.0000000000000000e+00
-1.3651928450711042e+05 1.0000000000000000e+00
2.4032677701537390e+09 1.0000000000000000e+00
1.1127886931725134e+08 1.0000000000000000e+00
4.0324925148178726e+08 1.0000000000000000e+00
-9.1089088322790805e+06 1.0000000000000000e+00
-2.1360904224059097e+06 1.0000000000000000e+00
2.1914437487979485e+06 1.0000000000000000e+00
6.5167919002638710e+08 1.0000000000000000e+00
1.2371540165303652e+09 1.0000000000000000e+00
7.2363667857868938e+09 1.0000000000000000e+00
-1.0693527160367183e+06 1.0000000000000000e+00
-3.2654342555777658e+07 1.0000000000000000e+00
9.2178641953154607e+05 1.0000000000000000e+00
4.5706455230399857e+09 1.0000000000000000e+00
8.0036684897766376e+08 1.0000000000000000e+00
6.3498405569556503e+09 1.0000000000000000e+00
8.2646474541419523e+05 1.0000000000000000e+00
-4.5041087807192113e+06 1.0000000000000000e+00
-3.0103740630019020e+05 1.0000000000000000e+00
1.5564632148310945e+09 1.0000000000000000e+00
1.1153698480124249e+09 1.0000000000000000e+00
5.0550119128570843e+08 1.0000000000000000e+00
-4.3750231010615341e+06 1.0000000000000000e+00
-1.0885832191320853e+06 1.0000000000000000e+00
1.6867246266437311e+07 1.0000000000000000e+00
5.8333809647938528e+09 1.0000000000000000e+00
2.3251293993999896e+09 1.0000000000000000e+00
3.9827055125082719e+08 1.0000000000000000e+00
-1.2566244361146677e+04 1.0000000000000000e+00
9.1215259593849210e+05 1.0000000000000000e+00
8.2332621447245547e+04 1.0000000000000000e+00
1.4972946017417032e+08 1.0000000000000000e+00
7.4897371641504064e+07 1.0000000000000000e+00
2.2092147867914166e+09 1.0000000000000000e+00
1.0000000000000000e+00 1.0000000000000000e+00
1.0000000000000000e+00 1.0000000000000000e+00
5.5196247490233984e+06 1.0000000000000000e+00
3.4930509436070299e+09 1.0000000000000000e+00
2.5824505240034804e+08 1.0000000000000000e+00
4.5990575444924402e+09 1.0000000000000000e+00
-8.8478138728779776e+05 1.0000000000000000e+00
6.5658120807370311e+05 1.0000000000000000e+00
4.8565021921566697e+06 1.0000000000000000e+00
8.1282774780285225e+09 1.0000000000000000e+00
8.1996011090075564e+08 1.0000000000000000e+00
2.0229126746648350e+08 1.0000000000000000e+00
-5.2528954746038908e+04 1.0000000000000000e+00
1.1415576332049288e+06 1.0000000000000000e+00
1.0685016625344007e+05 1.0000000000000000e+00
1.9375056732609922e+08 1.0000000000000000e+00
1.5626806984407800e+08 1.0000000000000000e+00
5.1229270074944372e+09 1.0000000000000000e+00
1.7846858793119951e+06 1.0000000000000000e+00
-2.7036053202975132e+07 1.0000000000000000e+00
-3.3200117212548507e+06 1.0000000000000000e+00
3.7145996962782993e+09 1.0000000000000000e+00
2.0100886757383440e+09 1.0000000000000000e+00
3.2317876178996015e+09 1.0000000000000000e+00
-8.4083256481228780e+05 1.0000000000000000e+00
-8.0728231966482811e+06 1.0000000000000000e+00
-1.9108743079917524e+06 1.0000000000000000e+00
1.5697782378473527e+09 1.0000000000000000e+00
9.0089652868680072e+08 1.0000000000000000e+00
1.5091245472997768e+09 1.0000000000000000e+00
-1.1868557309591335e+05 1.0000000000000000e+00
1.1635765184016624e+06 1.0000000000000000e+00
5.7007109327124676e+05 1.0000000000000000e+00
5.2036027585132837e+09 1.0000000000000000e+00
2.3131115379008523e+08 1.0000000000000000e+00
1.9135666708329594e+08 1.0000000000000000e+00
-4.5944838864924258e+05 1.0000000000000000e+00
6.5659942395857908e+05 1.0000000000000000e+00
1.0574210788737112e+06 1.0000000000000000e+00
2.4657541744374901e+08 1.0000000000000000e+00
2.0375062502860394e+08 1.0000000000000000e+00
7.4677856542097683e+09 1.0000000000000000e+00
-1.2397223196933116e+05 1.0000000000000000e+00
-2.7036053202977315e+07 1.0000000000000000e+00
-7.5849429405004485e+05 1.0000000000000000e+00
3.2125556547024727e+09 1.0000000000000000e+00
1.6674396450553267e+09 1.0000000000000000e+00
3.3911826287924094e+09 1.0000000000000000e+00
-2.4512315969969022e+04 1.0000000000000000e+00
9.1215259593877662e+05 1.0000000000000000e+00
3.8509779576229752e+05 1.0000000000000000e+00
2.2663462255148435e+09 1.0000000000000000e+00
1.2316148831665991e+08 1.0000000000000000e+00
1.4086213812573045e+08 1.0000000000000000e+00
-1.1637871557722813e+05 1.0000000000000000e+00
-2.9213059663834516e+04 1.0000000000000000e+00
4.1929897520369757e+05 1.0000000000000000e+00
1.3982190619225624e+09 1.0000000000000000e+00
1.1985844806124490e+08 1.0000000000000000e+00
8.1183139437842565e+06 1.0000000000000000e+00
-4.5420388206495764e+05 1.0000000000000000e+00
1.0000000000000000e+00 1.0000000000000000e+00
5.0863864975988452e+05 1.0000000000000000e+00
1.8017201517795794e+09 1.0000000000000000e+00
1.1691234501175863e+08 1.0000000000000000e+00
8.9297629391042089e+08 1.0000000000000000e+00
4.2245698607404688e+06 1.0000000000000000e+00
-1.8704217336802993e+07 1.0000000000000000e+00
4.7883789613092532e+06 1.0000000000000000e+00
1.1852397805991676e+09 1.0000000000000000e+00
5.3527940586455452e+08 1.0000000000000000e+00
1.1658663847025399e+09 1.0000000000000000e+00
1.2903919253568433e+06 1.0000000000000000e+00
-1.9859393684599891e+06 1.0000000000000000e+00
-5.6078747505738901e+05 1.0000000000000000e+00
9.9359912303771698e+08 1.0000000000000000e+00
7.2693266792085743e+08 1.0000000000000000e+00
1.2322033825304589e+09 1.0000000000000000e+00
-3.1822821725479927e+05 1.0000000000000000e+00
1.0000000000000000e+00 1.0000000000000000e+00
8.2867487591731676e+05 1.0000000000000000e+00
1.9427904186404467e+09 1.0000000000000000e+00
1.7314434262670135e+08 1.0000000000000000e+00
2.7216813988040786e+09 1.0000000000000000e+00
-2.0848215048225222e+06 1.0000000000000000e+00
-1.0884538096550703e+06 1.0000000000000000e+00
3.3800386523603573e+06 1.0000000000000000e+00
2.8781082707658517e+08 1.0000000000000000e+00
2.5267554750953343e+07 1.0000000000000000e+00
3.6439380192618437e+09 1.0000000000000000e+00
8.4558447710603569e+06 1.0000000000000000e+00
-2.1961100763613191e+06 1.0000000000000000e+00
-5.7622065084616365e+06 1.0000000000000000e+00
3.8734191783326159e+09 1.0000000000000000e+00
2.8351606215348458e+08 1.0000000000000000e+00
3.2405133981916876e+09 1.0000000000000000e+00
5.9118989948287364e+06 1.0000000000000000e+00
-4.7452860507197585e+05 1.0000000000000000e+00
1.3537264991248201e+04 1.0000000000000000e+00
8.1730791200618297e+07 1.0000000000000000e+00
2.4448380859054473e+08 1.0000000000000000e+00
3.3934823006734061e+09 1.0000000000000000e+00
-2.5831520534460613e+05 1.0000000000000000e+00
-1.9381080691979378e+07 1.0000000000000000e+00
1.5920021757335847e+06 1.0000000000000000e+00
4.6949058193227034e+09 1.0000000000000000e+00
5.2700313717914236e+08 1.0000000000000000e+00
1.7486803558762877e+09 1.0000000000000000e+00
-2.7519072204545126e+06 1.0000000000000000e+00
3.8310903941355436e+05 1.0000000000000000e+00
1.9289678145073268e+06 1.0000000000000000e+00
2.4705026776381793e+09 1.0000000000000000e+00
-1.2332870441136970e+08 1.0000000000000000e+00
3.1912249854333425e+08 1.0000000000000000e+00
-6.4071886433580832e+05 1.0000000000000000e+00
-1.1541955131252729e+06 1.0000000000000000e+00
1.4767121707827318e+05 1.0000000000000000e+00
1.8936224280178785e+08 1.0000000000000000e+00
1.4184373249289441e+08 1.0000000000000000e+00
1.7897493442980912e+09 1.0000000000000000e+00
-2.3828187176648772e+05 1.0000000000000000e+00
-1.9164180038815435e+07 1.0000000000000000e+00
7.5699290756046958e+05 1.0000000000000000e+00
3.4931734833101296e+09 1.0000000000000000e+00
3.7959893640752840e+08 1.0000000000000000e+00
3.4969074093289657e+09 1.0000000000000000e+00
-5.0398397176090337e+05 1.0000000000000000e+00
-9.6264645192282624e+05 1.0000000000000000e+00
1.7777999044494311e+05 1.0000000000000000e+00
2.2591024687949114e+09 1.0000000000000000e+00
6.4230125484457217e+07 1.0000000000000000e+00
2.0711248910409012e+08 1.0000000000000000e+00
5.2764073956844537e+06 1.0000000000000000e+00
5.8374911016425714e+06 1.0000000000000000e+00
-9.7867610618001455e+05 1.0000000000000000e+00
2.3485336266173749e+09 1.0000000000000000e+00
1.2800575601433020e+09 1.0000000000000000e+00
2.8523873789837584e+09 1.0000000000000000e+00
3.0455078999659833e+06 1.0000000000000000e+00
8.6946466406237520e+06 1.0000000000000000e+00
1.1450462770581176e+05 1.0000000000000000e+00
1.6693344411658866e+09 1.0000000000000000e+00
9.9450098613710940e+08 1.0000000000000000e+00
1.7179735073209393e+09 1.0000000000000000e+00
-2.1144064114974630e+06 1.0000000000000000e+00
-9.7196676387502300e+05 1.0000000000000000e+00
3.9063914162998076e+05 1.0000000000000000e+00
1.9712490935880193e+08 1.0000000000000000e+00
3.3690648867922348e+08 1.0000000000000000e+00
2.5432566494878945e+09 1.0000000000000000e+00
-1.5972166474412160e+05 1.0000000000000000e+00
-1.1542841040399352e+06 1.0000000000000000e+00
7.1718726476515018e+04 1.0000000000000000e+00
1.7077686416473224e+09 1.0000000000000000e+00
5.9412654312558122e+07 1.0000000000000000e+00
1.8889788676388550e+08 1.0000000000000000e+00
-1.2589716703794957e+06 1.0000000000000000e+00
-1.9381031957821790e+07 1.0000000000000000e+00
1.5500169189787593e+06 1.0000000000000000e+00
1.8290813251424615e+09 1.0000000000000000e+00
5.1863933603926051e+08 1.0000000000000000e+00
4.6061427757406712e+09 1.0000000000000000e+00
1.2047355175489850e+07 1.0000000000000000e+00
5.8374828238984626e+06 1.0000000000000000e+00
-1.6331471817642399e+06 1.0000000000000000e+00
3.2565795874845977e+09 1.0000000000000000e+00
2.7088739591916676e+09 1.0000000000000000e+00
3.3731501717809343e+09 1.0000000000000000e+00
-1.3537264990896161e+04 1.0000000000000000e+00
-4.7452860507205967e+05 1.0000000000000000e+00
5.9391208052022215e+06 1.0000000000000000e+00
3.3934823006734219e+09 1.0000000000000000e+00
2.4448380859057608e+08 1.0000000000000000e+00
8.1730791200642064e+07 1.0000000000000000e+00
-1.3051954783258619e+07 1.0000000000000000e+00
3.8302100242704665e+05 1.0000000000000000e+00
3.4841184328977494e+06 1.0000000000000000e+00
4.4419429883563906e+08 1.0000000000000000e+00
1.6569357605242033e+09 1.0000000000000000e+00
4.1256827312617502e+09 1.0000000000000000e+00
-6.5843183858776372e+05 1.0000000000000000e+00
-5.4741476808570512e+05 1.0000000000000000e+00
6.1965628814647095e+06 1.0000000000000000e+00
2.5158777611667295e+09 1.0000000000000000e+00
5.3841876119360769e+08 1.0000000000000000e+00
-9.0408642183628324e+06 1.0000000000000000e+00
-4.5919602300648708e+06 1.0000000000000000e+00
1.0000000000000000e+00 1.0000000000000000e+00
1.0000000000000000e+00 1.0000000000000000e+00
4.6075558979208288e+09 1.0000000000000000e+00
2.7097718747740006e+08 1.0000000000000000e+00
3.4904267972940025e+09 1.0000000000000000e+00
1.0000000000000000e+00 1.0000000000000000e+00
1.0000000000000000e+00 1.0000000000000000e+00
-1.4297994330754527e+06 1.0000000000000000e+00
9.6820540391405559e+08 1.0000000000000000e+00
1.9107073357026774e+08 1.0000000000000000e+00
2.4923294051974878e+09 1.0000000000000000e+00
5.6524280167753138e+06 1.0000000000000000e+00
8.2861223329514381e+05 1.0000000000000000e+00
1.1353725152505676e+06 1.0000000000000000e+00
4.3779139666224897e+08 1.0000000000000000e+00
2.9679452243266869e+08 1.0000000000000000e+00
7.8244962551277828e+08 1.0000000000000000e+00
-1.3286802295476418e+03 1.0000000000000000e+00
5.3360677093617851e+03 1.0000000000000000e+00
-1.0959048907605093e+03 1.0000000000000000e+00
-4.3252224331852626e+06 1.0000000000000000e+00
2.5559635584389716e+08 1.0000000000000000e+00
-4.1017443024782650e+06 1.0000000000000000e+00
-1.8332840944106370e+05 1.0000000000000000e+00
-1.6544675920517608e+06 1.0000000000000000e+00
4.7761477695620502e+05 1.0000000000000000e+00
1.6798335921415987e+09 1.0000000000000000e+00
2.6823755796278617e+08 1.0000000000000000e+00
1.9356527536354163e+09 1.0000000000000000e+00
1.0700396097075520e+06 1.0000000000000000e+00
-2.3330120811015451e+06 1.0000000000000000e+00
-6.1192324779505581e+06 1.0000000000000000e+00
1.4246069081140149e+09 1.0000000000000000e+00
2.2536414130020137e+09 1.0000000000000000e+00
1.0422859297917569e+09 1.0000000000000000e+00
9.0644281014905851e+06 1.0000000000000000e+00
-2.7904264592207801e+06 1.0000000000000000e+00
-7.9794654641614277e+06 1.0000000000000000e+00
5.3166715966215676e+08 1.0000000000000000e+00
2.3988931768980484e+09 1.0000000000000000e+00
3.8841149954283810e+08 1.0000000000000000e+00
-1.8432924767304165e+04 1.0000000000000000e+00
4.8873521615300444e+04 1.0000000000000000e+00
-5.8512853122418328e+03 1.0000000000000000e+00
3.1844606918236241e+02 1.0000000000000000e+00
1.9319371102169602e+09 1.0000000000000000e+00
2.4034732880938100e+03 1.0000000000000000e+00
-6.9167395057956539e+06 1.0000000000000000e+00
-2.8056226367633436e+06 1.0000000000000000e+00
7.9262000382640278e+06 1.0000000000000000e+00
3.8889528418296909e+08 1.0000000000000000e+00
2.5498102018034821e+09 1.0000000000000000e+00
6.8248152848498845e+08 1.0000000000000000e+00
-5.8763272041592619e+05 1.0000000000000000e+00
-1.6544194556443973e+06 1.0000000000000000e+00
4.9213202269140625e+05 1.0000000000000000e+00
1.9300957990396369e+09 1.0000000000000000e+00
2.6856886886323220e+08 1.0000000000000000e+00
1.6857201519888489e+09 1.0000000000000000e+00
3.1924153116720356e+05 1.0000000000000000e+00
-2.3330302960391473e+06 1.0000000000000000e+00
-2.0868127869525825e+05 1.0000000000000000e+00
1.3242453621186430e+09 1.0000000000000000e+00
1.7488163832220957e+09 1.0000000000000000e+00
6.3781987453703928e+08 1.0000000000000000e+00
-5.3880027852110179e+03 1.0000000000000000e+00
5.3360677093816921e+03 1.0000000000000000e+00
3.2494593802486861e+03 1.0000000000000000e+00
4.6114411457425114e+06 1.0000000000000000e+00
2.7302568573576379e+08 1.0000000000000000e+00
4.3909220104610492e+06 1.0000000000000000e+00
6.9686535735418799e+05 1.0000000000000000e+00
-1.8052183409112713e+06 1.0000000000000000e+00
1.6746697926203655e+06 1.0000000000000000e+00
5.9141046687036836e+08 1.0000000000000000e+00
6.3162802241887236e+08 1.0000000000000000e+00
9.6340471356743324e+08 1.0000000000000000e+00
9.4346041962426959e+05 1.0000000000000000e+00
1.0000000000000000e+00 1.0000000000000000e+00
1.0000000000000000e+00 1.0000000000000000e+00
2.4934457915687675e+09 1.0000000000000000e+00
1.9383581981664139e+08 1.0000000000000000e+00
9.6966436516968441e+08 1.0000000000000000e+00
3.4078812168584596e+06 1.0000000000000000e+00
-1.2555080876931082e+05 1.0000000000000000e+00
2.5966121417352205e+05 1.0000000000000000e+00
2.0304520204478197e+07 1.0000000000000000e+00
4.2595053631175384e+07 1.0000000000000000e+00
1.5499709065197661e+09 1.0000000000000000e+00
4.5392300659244480e+06 1.0000000000000000e+00
-6.1132527225108761e+06 1.0000000000000000e+00
-5.2084338230449120e+06 1.0000000000000000e+00
1.5689475147840672e+09 1.0000000000000000e+00
5.8432295300697815e+08 1.0000000000000000e+00
1.2446584053186512e+09 1.0000000000000000e+00
-1.6838549347482072e+06 1.0000000000000000e+00
8.5205600745307375e+05 1.0000000000000000e+00
9.5224988416633643e+06 1.0000000000000000e+00
2.7081985954636002e+09 1.0000000000000000e+00
1.1440569888554442e+09 1.0000000000000000e+00
3.2999377719901192e+08 1.0000000000000000e+00
3.4419799363964987e+04 1.0000000000000000e+00
1.8699141056830196e+06 1.0000000000000000e+00
2.1147678333559408e+04 1.0000000000000000e+00
2.9669967998990899e+08 1.0000000000000000e+00
7.5681223227502376e+07 1.0000000000000000e+00
2.3553659318101597e+09 1.0000000000000000e+00
4.7830861902807937e+03 1.0000000000000000e+00
-6.9786004733069409e+06 1.0000000000000000e+00
-1.7544582226601441e+05 1.0000000000000000e+00
5.4950503679978883e+08 1.0000000000000000e+00
1.5300132512188929e+08 1.0000000000000000e+00
5.3065505954825234e+08 1.0000000000000000e+00
1.8602737261033195e+04 1.0000000000000000e+00
1.8875432109202461e+06 1.0000000000000000e+00
3.3737749181572290e+05 1.0000000000000000e+00
2.4143565437219315e+09 1.0000000000000000e+00
1.2167719973850137e+08 1.0000000000000000e+00
2.8629325166567069e+08 1.0000000000000000e+00
-1.0599780229137177e+06 1.0000000000000000e+00
8.5179050261669396e+05 1.0000000000000000e+00
2.0518797406651417e+06 1.0000000000000000e+00
3.9553427693988985e+08 1.0000000000000000e+00
-7.6790497939298406e+07 1.0000000000000000e+00
1.4218068089885204e+09 1.0000000000000000e+00
2.0507715948271074e+06 1.0000000000000000e+00
-4.9350902730345698e+06 1.0000000000000000e+00
-1.5246021593387066e+06 1.0000000000000000e+00
1.0989429186634719e+09 1.0000000000000000e+00
1.5019074739005752e+07 1.0000000000000000e+00
1.1436567256927047e+09 1.0000000000000000e+00
-3.3728741910861793e+05 1.0000000000000000e+00
-6.9944334095125087e+03 1.0000000000000000e+00
4.8192702297872202e+06 1.0000000000000000e+00
1.6876793225036631e+09 1.0000000000000000e+00
1.8996259278901976e+08 1.0000000000000000e+00
2.9961588645682611e+07 1.0000000000000000e+00
1.0000000000000000e+00 1.0000000000000000e+00
1.0000000000000000e+00 1.0000000000000000e+00
9.0466662291261472e+05 1.0000000000000000e+00
9.7792005496008658e+08 1.0000000000000000e+00
1.7039162072473228e+08 1.0000000000000000e+00
2.8971023192960725e+09 1.0000000000000000e+00
2.6848712370083714e+06 1.0000000000000000e+00
-1.9531936344432170e+06 1.0000000000000000e+00
8.0158937713599415e+04 1.0000000000000000e+00
2.9761484039145672e+08 1.0000000000000000e+00
2.5214521127731487e+08 1.0000000000000000e+00
3.6005784187557297e+09 1.0000000000000000e+00
-6.5351525140042795e+04 1.0000000000000000e+00
-5.0239466593767218e+06 1.0000000000000000e+00
1.9422741345555315e+05 1.0000000000000000e+00
1.6843726897743418e+09 1.0000000000000000e+00
1.6660891591401210e+08 1.0000000000000000e+00
1.6856737495092328e+09 1.0000000000000000e+00
-3.1797647095600230e+05 1.0000000000000000e+00
-1.7558635345986790e+06 1.0000000000000000e+00
2.0994638586467036e+05 1.0000000000000000e+00
1.6061091589910893e+09 1.0000000000000000e+00
4.8417043639577053e+07 1.0000000000000000e+00
2.9931762846769667e+08 1.0000000000000000e+00
9.9170438545464620e+05 1.0000000000000000e+00
6.1005630246460708e+06 1.0000000000000000e+00
-5.2054037291149655e+05 1.0000000000000000e+00
5.2492334655025679e+08 1.0000000000000000e+00
1.9707990262443215e+08 1.0000000000000000e+00
5.6248470417541158e+08 1.0000000000000000e+00
-8.0145838655539003e+04 1.0000000000000000e+00
-1.7603078358414108e+06 1.0000000000000000e+00
3.2310417916472033e+06 1.0000000000000000e+00
3.6009447654423122e+09 1.0000000000000000e+00
2.3602575138178706e+08 1.0000000000000000e+00
2.8149538049647146e+08 1.0000000000000000e+00
-1.2003233022739366e+06 1.0000000000000000e+00
-1.7670442222726196e+06 1.0000000000000000e+00
2.3890440782004260e+05 1.0000000000000000e+00
2.9487822426817143e+08 1.0000000000000000e+00
1.8622994908016700e+08 1.0000000000000000e+00
1.7501321093563132e+09 1.0000000000000000e+00
-1.3786293490919282e+06 1.0000000000000000e+00
1.0000000000000000e+00 1.0000000000000000e+00
1.0000000000000000e+00 1.0000000000000000e+00
2.8977408115225129e+09 1.0000000000000000e+00
1.6251088830599770e+08 1.0000000000000000e+00
9.6797671072847307e+08 1.0000000000000000e+00
-1.9172882755843533e+05 1.0000000000000000e+00
1.0000000000000000e+00 1.0000000000000000e+00
3.8482897339442675e+05 1.0000000000000000e+00
6.4945742769554055e+08 1.0000000000000000e+00
1.8470529156324604e+08 1.0000000000000000e+00
2.4333187753316402e+09 1.0000000000000000e+00
1.0115601059513479e+06 1.0000000000000000e+00
3.7698903033106588e+05 1.0000000000000000e+00
2.4427451770378667e+05 1.0000000000000000e+00
2.9590149185919154e+08 1.0000000000000000e+00
5.8208635003059864e+07 1.0000000000000000e+00
3.5668563086950111e+08 1.0000000000000000e+00
-4.4040814727251927e+01 1.0000000000000000e+00
7.7070767254262173e+03 1.0000000000000000e+00
-2.9849592817202029e+02 1.0000000000000000e+00
1.0404642560880166e+02 1.0000000000000000e+00
1.2463787943857329e+07 1.0000000000000000e+00
7.0519663171545835e+02 1.0000000000000000e+00
-3.7721451751989068e+05 1.0000000000000000e+00
3.5526077447802556e+05 1.0000000000000000e+00
-4.7275408681887551e+05 1.0000000000000000e+00
3.6425659707390386e+08 1.0000000000000000e+00
1.2256620550888453e+08 1.0000000000000000e+00
3.5337255221802604e+08 1.0000000000000000e+00
8.2496633081865706e+05 1.0000000000000000e+00
1.0000000000000000e+00 1.0000000000000000e+00
5.4851821716992510e+05 1.0000000000000000e+00
2.4359411773453174e+09 1.0000000000000000e+00
1.7611476397415888e+08 1.0000000000000000e+00
6.3824449809251606e+08 1.0000000000000000e+00
-2.8674372993764206e+05 1.0000000000000000e+00
-1.3560255652679596e+04 1.0000000000000000e+00
1.3834114108888566e+05 1.0000000000000000e+00
1.2587693470470659e+07 1.0000000000000000e+00
5.5079239082642846e+07 1.0000000000000000e+00
1.5341594695611548e+09 1.0000000000000000e+00
3.0059021033984009e+05 1.0000000000000000e+00
-6.2851016543586552e+06 1.0000000000000000e+00
8.5823686246830330e+03 1.0000000000000000e+00
4.2125150809861571e+08 1.0000000000000000e+00
6.8007922890693098e+07 1.0000000000000000e+00
4.0149861855477828e+08 1.0000000000000000e+00
-1.7608038366554747e+05 1.0000000000000000e+00
-1.3548038741193246e+04 1.0000000000000000e+00
7.7882021805712197e+05 1.0000000000000000e+00
1.6103603870263863e+09 1.0000000000000000e+00
1.3041014879882935e+08 1.0000000000000000e+00
1.1669776774374347e+07 1.0000000000000000e+00
6.6842770311606932e+04 1.0000000000000000e+00
1.0000000000000000e+00 1.0000000000000000e+00
3.6100888285929849e+05 1.0000000000000000e+00
8.0400103385245240e+08 1.0000000000000000e+00
6.3747358748978369e+07 1.0000000000000000e+00
8.0089614902529562e+08 1.0000000000000000e+00
