1806 1806 63454
0
17
18
35
52
68
85
109
128
150
172
195
219
244
266
292
318
343
368
409
445
486
527
560
601
624
625
648
671
693
716
751
784
819
854
885
920
949
950
979
1008
1033
1062
1100
1134
1172
1210
1243
1281
1305
1327
1351
1375
1398
1421
1451
1477
1504
1529
1552
1580
1621
1657
1698
1739
1778
1818
1863
1905
1949
1994
2031
2076
2106
2132
2164
2195
2224
2252
2293
2329
2370
2410
2449
2490
2512
2513
2514
2536
2557
2579
2619
2658
2698
2740
2777
2819
2859
2893
2933
2973
3007
3046
3094
3136
3184
3229
3272
3319
3367
3410
3458
3506
3545
3592
3593
3594
3616
3638
3659
3681
3721
3756
3796
3835
3870
3910
3958
4001
4049
4097
4137
4184
4208
4226
4246
4266
4290
4314
4351
4386
4423
4459
4492
4527
4567
4605
4645
4687
4723
4765
4810
4850
4895
4939
4975
5020
5064
5107
5152
5197
5234
5279
5309
5335
5365
5394
5419
5448
5496
5541
5589
5637
5677
5724
5744
5762
5786
5810
5834
5854
5891
5925
5962
5999
6031
6068
6108
6145
6185
6227
6263
6305
6350
6391
6435
6480
6517
6562
6583
6584
6585
6606
6626
6646
6683
6717
6754
6791
6823
6860
6890
6916
6946
6974
7001
7028
7070
7107
7149
7191
7229
7271
7319
7361
7409
7456
7498
7545
7589
7632
7677
7720
7757
7802
7846
7885
7930
7974
8011
8056
8098
8134
8176
8218
8257
8298
8299
8300
8321
8341
8361
8382
8419
8453
8490
8527
8561
8598
8628
8654
8684
8713
8740
8770
8818
8859
8907
8955
8996
9044
9089
9131
9175
9220
9257
9302
9326
9346
9365
9387
9407
9429
9469
9504
9544
9584
9619
9659
9699
9735
9775
9817
9854
9896
9932
9967
10002
10040
10075
10112
10133
10134
10135
10156
10175
10195
10219
10238
10259
10280
10303
10327
10375
10417
10465
10512
10555
10603
10645
10681
10723
10765
10803
10845
10886
10925
10965
11005
11038
11078
11125
11168
11216
11261
11298
11344
11392
11435
11483
11531
11572
11619
11638
11657
11681
11703
11722
11744
11784
11818
11858
11898
11934
11974
12009
12043
12079
12116
12150
12188
12230
12267
12309
12350
12388
12430
12470
12509
12550
12590
12623
12663
12703
12737
12777
12817
12853
12893
12930
12963
12998
13035
13067
13101
13138
13171
13208
13245
13279
13316
13339
13340
13363
13386
13408
13431
13469
13505
13543
13581
13614
13652
13682
13708
13738
13768
13796
13824
13847
13848
13871
13894
13916
13939
13963
13983
14005
14027
14051
14075
14111
14145
14180
14218
14253
14290
14334
14376
14420
14465
14503
14548
14589
14629
14669
14708
14740
14779
14809
14835
14865
14893
14922
14950
14990
15028
15068
15108
15139
15179
15209
15235
15265
15290
15316
15343
15391
15438
15486
15533
15573
15620
15655
15689
15725
15762
15797
15835
15836
15837
15858
15878
15897
15918
15958
15992
16032
16072
16108
16148
16183
16217
16254
16288
16320
16356
16395
16435
16475
16515
16549
16589
16619
16645
16675
16703
16732
16760
16800
16838
16878
16918
16949
16989
17025
17058
17093
17131
17165
17202
17246
17287
17332
17376
17412
17457
17487
17513
17541
17568
17590
17618
17659
17695
17736
17776
17814
17854
17899
17939
17983
18028
18066
18111
18146
18179
18214
18249
18280
18315
18356
18392
18433
18474
18510
18551
18568
18569
18586
18603
18619
18636
18677
18712
18753
18794
18829
18870
18894
18916
18940
18962
18985
19008
19050
19087
19129
19171
19208
19250
19287
19321
19356
19393
19427
19461
19506
19548
19592
19635
19673
19717
19757
19796
19835
19876
19911
19951
19993
20030
20072
20114
20152
20193
20235
20272
20314
20355
20394
20435
20470
20504
20541
20575
20609
20646
20667
20686
20710
20734
20758
20779
20816
20850
20887
20924
20956
20993
21028
21061
21097
21134
21168
21206
21251
21293
21337
21382
21419
21463
21502
21541
21581
21621
21656
21697
21739
21775
21817
21859
21897
21939
21987
22029
22077
22124
22164
22212
22260
22302
22350
22395
22440
22487
22527
22564
22604
22646
22681
22723
22768
22811
22856
22901
22939
22983
23028
23069
23114
23159
23194
23236
23276
23313
23353
23395
23432
23474
23496
23516
23540
23564
23587
23609
23647
23683
23721
23759
23793
23831
23867
23902
23937
23975
24008
24045
24080
24115
24151
24188
24221
24259
24290
24322
24353
24386
24417
24450
24487
24521
24556
24592
24627
24660
24702
24739
24781
24823
24863
24905
24941
24976
25012
25048
25078
25113
25158
25200
25245
25289
25325
25369
25417
25459
25507
25555
25596
25644
25679
25713
25750
25784
25818
25855
25897
25934
25976
26018
26058
26100
26123
26124
26147
26170
26192
26215
26253
26288
26326
26364
26398
26436
26466
26492
26522
26550
26578
26608
26656
26697
26745
26792
26833
26881
26925
26964
27009
27054
27091
27136
27184
27230
27278
27325
27364
27411
27459
27502
27550
27598
27640
27686
27728
27764
27806
27847
27887
27929
27977
28019
28066
28113
28151
28197
28227
28253
28283
28310
28339
28366
28410
28450
28495
28539
28575
28620
28661
28696
28737
28777
28814
28855
28903
28945
28993
29040
29082
29128
29151
29152
29175
29198
29220
29243
29274
29306
29337
29370
29401
29434
29471
29503
29540
29578
29609
29646
29691
29732
29777
29820
29856
29900
29915
29930
29945
29959
29974
29988
30024
30059
30095
30131
30161
30196
30226
30251
30281
30308
30335
30362
30409
30450
30498
30544
30583
30630
30670
30707
30747
30789
30824
30866
30897
30929
30960
30993
31024
31057
31102
31144
31188
31233
31269
31314
31341
31367
31396
31424
31451
31475
31516
31552
31593
31634
31668
31709
31749
31786
31826
31868
31903
31945
31987
32024
32066
32108
32144
32186
32234
32279
32327
32374
32412
32460
32490
32515
32545
32573
32601
32627
32674
32715
32763
32809
32848
32896
32936
32973
33013
33055
33090
33132
33179
33222
33270
33318
33357
33405
33447
33484
33526
33568
33604
33646
33673
33700
33729
33758
33783
33809
33849
33885
33925
33967
34002
34044
34085
34121
34162
34203
34237
34278
34320
34357
34399
34441
34481
34523
34558
34592
34629
34663
34697
34734
34772
34808
34844
34882
34915
34952
34999
35044
35091
35139
35179
35227
35264
35297
35332
35368
35403
35436
35484
35526
35574
35622
35664
35711
35753
35790
35832
35874
35914
35956
36000
36042
36086
36131
36169
36214
36237
36238
36261
36284
36306
36329
36370
36405
36446
36486
36523
36564
36612
36655
36703
36750
36791
36838
36882
36921
36966
37010
37046
37091
37121
37147
37177
37206
37232
37261
37309
37351
37399
37447
37486
37533
37581
37624
37672
37719
37760
37808
37850
37886
37928
37969
38009
38051
38096
38136
38181
38225
38261
38306
38354
38396
38444
38491
38532
38579
38602
38603
38626
38649
38671
38694
38732
38768
38806
38844
38879
38917
38952
38986
39022
39059
39091
39129
39165
39200
39235
39273
39306
39343
39373
39399
39429
39457
39485
39515
39550
39584
39621
39655
39689
39726
39757
39789
39820
39853
39884
39917
39959
39996
40038
40079
40118
40159
40204
40247
40292
40335
40372
40415
40455
40494
40535
40574
40607
40647
40689
40726
40768
40810
40847
40889
40926
40960
40995
41032
41066
41100
41142
41178
41220
41262
41300
41342
41383
41422
41462
41502
41535
41574
41596
41616
41640
41664
41687
41709
41747
41783
41821
41859
41893
41931
41971
42009
42049
42091
42128
42170
42215
42256
42300
42345
42380
42423
42468
42510
42554
42599
42638
42683
42731
42774
42822
42869
42911
42958
43000
43037
43079
43121
43159
43200
43248
43289
43337
43385
43425
43473
43513
43550
43590
43632
43667
43709
43754
43796
43840
43885
43922
43966
44001
44034
44070
44107
44141
44179
44200
44219
44243
44267
44291
44312
44349
44383
44420
44457
44489
44526
44561
44595
44631
44668
44703
44741
44781
44821
44862
44901
44933
44972
45019
45065
45112
45160
45201
45249
45279
45305
45335
45360
45386
45413
45458
45500
45545
45589
45625
45669
45699
45725
45755
45783
45812
45840
45880
45918
45958
45998
46029
46069
46105
46139
46174
46212
46247
46284
46324
46364
46403
46443
46477
46517
46547
46573
46603
46631
46660
46688
46728
46766
46806
46846
46877
46917
46934
46935
46952
46969
46985
47002
47043
47078
47119
47160
47195
47236
47260
47282
47306
47328
47351
47374
47415
47451
47492
47533
47569
47610
47645
47678
47713
47748
47779
47814
47859
47900
47945
47990
48027
48071
48101
48127
48155
48180
48204
48232
48272
48308
48348
48388
48426
48466
48502
48535
48570
48608
48642
48679
48723
48764
48809
48853
48889
48934
48974
49008
49048
49088
49124
49164
49199
49233
49270
49304
49335
49372
49373
49374
49395
49415
49434
49455
49497
49534
49576
49617
49655
49697
49745
49787
49835
49883
49925
49971
50011
50051
50091
50131
50165
50206
50253
50297
50345
50390
50428
50474
50522
50565
50613
50659
50702
50750
50792
50828
50870
50912
50950
50992
51032
51072
51112
51153
51187
51227
51264
51297
51332
51368
51401
51435
51459
51479
51501
51523
51547
51571
51594
51595
51618
51641
51663
51686
51716
51742
51772
51800
51825
51853
51891
51927
51965
52003
52036
52074
52097
52098
52121
52144
52166
52189
52229
52263
52303
52343
52379
52419
52456
52490
52527
52562
52595
52630
52649
52669
52693
52715
52735
52757
52792
52827
52863
52900
52934
52972
53012
53046
53086
53126
53162
53202
53250
53292
53340
53387
53430
53476
53516
53551
53591
53633
53669
53711
53753
53790
53832
53874
53913
53954
53999
54041
54086
54131
54167
54209
54253
54291
54336
54380
54416
54461
54503
54540
54582
54624
54662
54704
54752
54793
54841
54889
54931
54978
55014
55048
55083
55121
55155
55192
55237
55279
55324
55366
55402
55447
55471
55491
55510
55533
55552
55574
55614
55649
55689
55729
55764
55804
55828
55847
55868
55889
55913
55937
55958
55959
55960
55981
56000
56020
56021
56022
56043
56063
56083
56104
56141
56175
56212
56249
56283
56320
56350
56375
56405
56432
56458
56486
56526
56563
56603
56645
56681
56723
56768
56808
56853
56898
56934
56978
57026
57072
57119
57167
57207
57255
57285
57311
57341
57370
57395
57424
57469
57511
57556
57600
57636
57681
57721
57759
57799
57841
57877
57919
57963
58004
58049
58094
58131
58176
58206
58231
58261
58289
58315
58342
58379
58413
58450
58487
58519
58556
58577
58578
58579
58600
58620
58640
58660
58678
58702
58726
58750
58770
58807
58842
58879
58914
58945
58981
59021
59056
59096
59135
59170
59210
59258
59300
59348
59395
59438
59483
59531
59574
59621
59669
59708
59756
59804
59847
59895
59942
59983
60030
60070
60104
60144
60184
60219
60259
60296
60331
60368
60404
60437
60472
60496
60514
60534
60554
60578
60602
60603
60604
60626
60648
60669
60691
60718
60742
60772
60800
60823
60849
60889
60927
60967
61009
61046
61088
61129
61165
61206
61247
61285
61326
61371
61413
61458
61503
61540
61584
61614
61639
61666
61690
61716
61744
61785
61821
61862
61903
61942
61982
62004
62005
62006
62028
62049
62071
62094
62095
62118
62141
62163
62186
62224
62259
62297
62335
62368
62406
62430
62452
62476
62500
62523
62546
62581
62614
62649
62684
62715
62750
62773
62774
62797
62820
62842
62865
62887
62907
62931
62955
62978
63000
63041
63077
63118
63159
63192
63233
63257
63277
63299
63321
63345
63369
63386
63387
63404
63421
63437
63454
