0 1.000000000000e+00
2 6.081657503257e-03
4 4.148446073746e+01
6 2.139725361633e+01
8 8.474910845704e+00
10 5.359756365604e+00
12 3.968032150865e+00
14 3.185024347942e+00
16 2.686833754179e+00
18 2.344779521460e+00
20 2.097601861765e+00
22 1.912425370070e+00
24 1.770023088687e+00
26 1.658391536561e+00
28 1.569637571149e+00
30 1.498342440026e+00
32 1.440644727884e+00
34 1.393698557722e+00
36 1.355339497164e+00
38 1.323871539928e+00
40 1.297928216843e+00
42 1.276381396492e+00
44 1.258282298421e+00
46 1.242825100528e+00
48 1.229326449585e+00
50 1.217215402231e+00
52 1.206028736923e+00
54 1.195407001170e+00
56 1.185087721471e+00
58 1.174894058384e+00
60 1.164719357589e+00
62 1.154509694036e+00
64 1.144247027603e+00
66 1.133935022959e+00
68 1.123588488509e+00
70 1.113226373883e+00
72 1.102867661486e+00
74 1.092529305077e+00
76 1.082225454848e+00
78 1.071967401291e+00
80 1.061763865036e+00
82 1.051621412528e+00
84 1.041544880798e+00
86 1.031537757733e+00
88 1.021602499425e+00
90 1.011740783986e+00
92 1.001953708982e+00
94 9.922419421515e-01
96 9.826058349296e-01
98 9.730455071534e-01
100 9.635609098214e-01
102 9.541518713529e-01
104 9.448181315502e-01
106 9.355593664577e-01
108 9.263752065138e-01
110 9.172652497780e-01
112 9.082290715557e-01
114 8.992662313891e-01
116 8.903762781300e-01
118 8.815587536157e-01
120 8.728131953291e-01
122 8.641391383209e-01
124 8.555361165977e-01
126 8.470036641214e-01
128 8.385413155282e-01
130 8.301486066439e-01
132 8.218250748531e-01
134 8.135702593612e-01
136 8.053837013807e-01
138 7.972649442612e-01
140 7.892135335811e-01
142 7.812290172088e-01
144 7.733109453444e-01
146 7.654588705466e-01
148 7.576723477483e-01
150 7.499509342650e-01
152 7.422941897976e-01
154 7.347016764315e-01
156 7.271729586323e-01
158 7.197076032406e-01
160 7.123051794641e-01
162 7.049652588696e-01
164 6.976874153742e-01
166 6.904712252355e-01
168 6.833162670420e-01
170 6.762221217032e-01
172 6.691883724391e-01
174 6.622146047704e-01
176 6.553004065078e-01
178 6.484453677417e-01
180 6.416490808321e-01
182 6.349111403981e-01
184 6.282311433075e-01
186 6.216086886667e-01
188 6.150433778102e-01
190 6.085348142905e-01
192 6.020826038680e-01
194 5.956863545006e-01
196 5.893456763338e-01
198 5.830601816903e-01
200 5.768294850604e-01
202 5.706532030915e-01
204 5.645309545786e-01
206 5.584623604540e-01
208 5.524470437777e-01
210 5.464846297272e-01
212 5.405747455879e-01
214 5.347170207436e-01
216 5.289110866662e-01
218 5.231565769064e-01
220 5.174531270840e-01
222 5.118003748780e-01
224 5.061979600176e-01
226 5.006455242720e-01
228 4.951427114414e-01
230 4.896891673472e-01
232 4.842845398229e-01
234 4.789284787044e-01
236 4.736206358210e-01
238 4.683606649856e-01
240 4.631482219861e-01
242 4.579829645754e-01
244 4.528645524629e-01
246 4.477926473048e-01
248 4.427669126955e-01
250 4.377870141580e-01
252 4.328526191352e-01
254 4.279633969808e-01
256 4.231190189502e-01
258 4.183191581917e-01
260 4.135634897377e-01
262 4.088516904956e-01
264 4.041834392391e-01
266 3.995584165995e-01
268 3.949763050565e-01
270 3.904367889303e-01
272 3.859395543719e-01
274 3.814842893555e-01
276 3.770706836691e-01
278 3.726984289060e-01
280 3.683672184569e-01
282 3.640767475006e-01
284 3.598267129960e-01
286 3.556168136734e-01
288 3.514467500263e-01
290 3.473162243031e-01
292 3.432249404983e-01
294 3.391726043448e-01
296 3.351589233051e-01
298 3.311836065636e-01
300 3.272463650178e-01
302 3.233469112706e-01
304 3.194849596221e-01
306 3.156602260613e-01
308 3.118724282581e-01
310 3.081212855553e-01
312 3.044065189608e-01
314 3.007278511393e-01
316 2.970850064045e-01
318 2.934777107113e-01
320 2.899056916477e-01
322 2.863686784272e-01
324 2.828664018810e-01
326 2.793985944498e-01
328 2.759649901768e-01
330 2.725653246992e-01
332 2.691993352412e-01
334 2.658667606058e-01
336 2.625673411676e-01
338 2.593008188651e-01
340 2.560669371929e-01
342 2.528654411945e-01
344 2.496960774549e-01
346 2.465585940925e-01
348 2.434527407526e-01
350 2.403782685991e-01
352 2.373349303078e-01
354 2.343224800588e-01
356 2.313406735292e-01
358 2.283892678857e-01
360 2.254680217776e-01
362 2.225766953296e-01
364 2.197150501344e-01
366 2.168828492455e-01
368 2.140798571704e-01
370 2.113058398633e-01
372 2.085605647181e-01
374 2.058438005611e-01
376 2.031553176445e-01
378 2.004948876389e-01
380 1.978622836268e-01
382 1.952572800954e-01
384 1.926796529296e-01
386 1.901291794055e-01
388 1.876056381835e-01
390 1.851088093010e-01
392 1.826384741664e-01
394 1.801944155518e-01
396 1.777764175863e-01
398 1.753842657495e-01
400 1.730177468651e-01
402 1.706766490934e-01
404 1.683607619256e-01
406 1.660698761768e-01
408 1.638037839795e-01
410 1.615622787768e-01
412 1.593451553167e-01
414 1.571522096446e-01
416 1.549832390976e-01
418 1.528380422978e-01
420 1.507164191460e-01
422 1.486181708151e-01
424 1.465430997443e-01
426 1.444910096321e-01
428 1.424617054305e-01
430 1.404549933386e-01
432 1.384706807963e-01
434 1.365085764782e-01
436 1.345684902875e-01
438 1.326502333496e-01
440 1.307536180061e-01
442 1.288784578088e-01
444 1.270245675134e-01
446 1.251917630736e-01
448 1.233798616353e-01
450 1.215886815301e-01
452 1.198180422696e-01
454 1.180677645395e-01
456 1.163376701936e-01
458 1.146275822479e-01
460 1.129373248749e-01
462 1.112667233973e-01
464 1.096156042827e-01
466 1.079837951375e-01
468 1.063711247012e-01
470 1.047774228407e-01
472 1.032025205444e-01
474 1.016462499168e-01
476 1.001084441725e-01
478 9.858893763068e-02
480 9.708756570966e-02
482 9.560416492096e-02
484 9.413857286396e-02
486 9.269062822022e-02
488 9.126017074802e-02
490 8.984704127680e-02
492 8.845108170171e-02
494 8.707213497812e-02
496 8.571004511618e-02
498 8.436465717545e-02
500 8.303581725942e-02
502 8.172337251024e-02
504 8.042717110329e-02
506 7.914706224189e-02
508 7.788289615200e-02
510 7.663452407694e-02
512 7.540179827212e-02
514 7.418457199983e-02
516 7.298269952399e-02
518 7.179603610499e-02
520 7.062443799452e-02
522 6.946776243043e-02
524 6.832586763157e-02
526 6.719861279273e-02
528 6.608585807955e-02
530 6.498746462345e-02
532 6.390329451659e-02
534 6.283321080689e-02
536 6.177707749301e-02
538 6.073475951936e-02
540 5.970612277119e-02
542 5.869103406966e-02
544 5.768936116688e-02
546 5.670097274108e-02
548 5.572573839173e-02
550 5.476352863467e-02
552 5.381421489732e-02
554 5.287766951386e-02
556 5.195376572045e-02
558 5.104237765047e-02
560 5.014338032977e-02
562 4.925664967196e-02
564 4.838206247371e-02
566 4.751949641008e-02
568 4.666883002981e-02
570 4.582994275075e-02
572 4.500271485520e-02
574 4.418702748531e-02
576 4.338276263851e-02
578 4.258980316295e-02
580 4.180803275295e-02
582 4.103733594451e-02
584 4.027759811075e-02
586 3.952870545750e-02
588 3.879054501877e-02
590 3.806300465236e-02
592 3.734597303541e-02
594 3.663933965998e-02
596 3.594299482872e-02
598 3.525682965044e-02
600 3.458073603581e-02
602 3.391460669299e-02
604 3.325833512337e-02
606 3.261181561722e-02
608 3.197494324947e-02
610 3.134761387542e-02
612 3.072972412653e-02
614 3.012117140619e-02
616 2.952185388550e-02
618 2.893167049913e-02
620 2.835052094115e-02
622 2.777830566084e-02
624 2.721492585861e-02
626 2.666028348190e-02
628 2.611428122103e-02
630 2.557682250518e-02
632 2.504781149833e-02
634 2.452715309519e-02
636 2.401475291720e-02
638 2.351051730853e-02
640 2.301435333210e-02
642 2.252616876559e-02
644 2.204587209750e-02
646 2.157337252322e-02
648 2.110857994111e-02
650 2.065140494858e-02
652 2.020175883825e-02
654 1.975955359405e-02
656 1.932470188736e-02
658 1.889711707323e-02
660 1.847671318649e-02
662 1.806340493802e-02
664 1.765710771091e-02
666 1.725773755673e-02
668 1.686521119175e-02
670 1.647944599324e-02
672 1.610035999571e-02
674 1.572787188724e-02
676 1.536190100577e-02
678 1.500236733544e-02
680 1.464919150293e-02
682 1.430229477383e-02
684 1.396159904900e-02
686 1.362702686096e-02
688 1.329850137031e-02
690 1.297594636214e-02
692 1.265928624247e-02
694 1.234844603471e-02
696 1.204335137611e-02
698 1.174392851425e-02
700 1.145010430353e-02
702 1.116180620171e-02
704 1.087896226637e-02
706 1.060150115154e-02
708 1.032935210417e-02
710 1.006244496075e-02
712 9.800710143872e-03
714 9.544078658839e-03
716 9.292482090266e-03
718 9.045852598710e-03
720 8.804122917305e-03
722 8.567226348418e-03
724 8.335096760316e-03
726 8.107668583840e-03
728 7.884876809102e-03
730 7.666656982190e-03
732 7.452945201886e-03
734 7.243678116402e-03
736 7.038792920118e-03
738 6.838227350345e-03
740 6.641919684096e-03
742 6.449808734863e-03
744 6.261833849418e-03
746 6.077934904616e-03
748 5.898052304218e-03
750 5.722126975720e-03
752 5.550100367193e-03
754 5.381914444145e-03
756 5.217511686379e-03
758 5.056835084878e-03
760 4.899828138684e-03
762 4.746434851806e-03
764 4.596599730127e-03
766 4.450267778321e-03
768 4.307384496791e-03
770 4.167895878603e-03
772 4.031748406444e-03
774 3.898889049577e-03
776 3.769265260817e-03
778 3.642824973507e-03
780 3.519516598510e-03
782 3.399289021206e-03
784 3.282091598497e-03
786 3.167874155829e-03
788 3.056586984208e-03
790 2.948180837235e-03
792 2.842606928147e-03
794 2.739816926860e-03
796 2.639762957027e-03
798 2.542397593097e-03
800 2.447673857383e-03
802 2.355545217133e-03
804 2.265965581616e-03
806 2.178889299203e-03
808 2.094271154458e-03
810 2.012066365239e-03
812 1.932230579793e-03
814 1.854719873865e-03
816 1.779490747805e-03
818 1.706500123687e-03
820 1.635705342418e-03
822 1.567064160865e-03
824 1.500534748974e-03
826 1.436075686899e-03
828 1.373645962123e-03
830 1.313204966599e-03
832 1.254712493870e-03
834 1.198128736211e-03
836 1.143414281760e-03
838 1.090530111653e-03
840 1.039437597163e-03
842 9.900984968393e-04
844 9.424749536429e-04
846 8.965294920917e-04
848 8.522250154006e-04
850 8.095248026273e-04
852 7.683925058187e-04
854 7.287921471624e-04
856 6.906881161407e-04
858 6.540451666922e-04
860 6.188284143783e-04
862 5.850033335608e-04
864 5.525357545886e-04
866 5.213918610001e-04
868 4.915381867417e-04
870 4.629416134080e-04
872 4.355693675073e-04
874 4.093890177591e-04
876 3.843684724289e-04
878 3.604759767089e-04
880 3.376801101526e-04
882 3.159497841752e-04
884 2.952542396307e-04
886 2.755630444808e-04
888 2.568460915722e-04
890 2.390735965409e-04
892 2.222160958673e-04
894 2.062444451058e-04
896 1.911298173211e-04
898 1.768437017636e-04
900 1.633579028242e-04
902 1.506445393132e-04
904 1.386760441155e-04
906 1.274251642798e-04
908 1.168649616091e-04
910 1.069688138277e-04
912 9.771041640867e-05
914 8.906378515833e-05
916 8.100325966124e-05
918 7.350350770402e-05
920 6.653953080526e-05
922 6.008667099058e-05
924 5.412061896193e-05
926 4.861742381864e-05
928 4.355350449409e-05
930 3.890566307346e-05
932 3.465110015633e-05
934 3.076743241615e-05
936 2.723271249330e-05
938 2.402545132111e-05
940 2.112464295743e-05
942 1.850979189584e-05
944 1.616094284807e-05
946 1.405871265714e-05
948 1.218432449189e-05
950 1.051964272659e-05
952 9.047211190290e-06
954 7.750284756158e-06
956 6.612880807593e-06
958 5.619766278845e-06
960 4.756639436106e-06
962 4.009668340722e-06
964 3.367148311298e-06
966 2.813909221937e-06
968 2.350990594835e-06
970 1.924531720087e-06
972 1.675953800894e-06
974 7.917418311027e-06
976 5.238891589257e-07
978 2.785315853492e-07
980 2.138715804935e-07
982 1.941096757475e-07
984 1.502760048455e-07
986 1.375638064611e-07
988 2.604102634110e-07
990 8.093006247648e-07
992 1.984200933242e-06
994 2.566258642001e-07
996 1.553730202520e-07
998 1.289449177154e-07
1000 1.184189410782e-07
1002 2.189594643476e-07
1004 6.871520366612e-07
1006 1.642991923129e-06
1008 2.265074865509e-07
1010 1.386920601251e-07
1012 1.164828053208e-07
1014 1.040720564861e-07
1016 1.913619090524e-07
1018 6.334064803832e-07
1020 1.330824598668e-06
1022 2.346591761014e-07
1024 1.485945955713e-07
1026 1.280653333457e-07
1028 9.464572845896e-08
1030 6.624134701920e-08
1032 4.838082583941e-08
1034 1.372879689831e-07
1036 8.780864223569e-07
1038 1.033421706298e-06
1040 3.200090314602e-07
1042 2.168328394823e-07
1044 1.896035336109e-07
1046 1.504845313617e-07
1048 1.127712433269e-07
1050 6.473967624476e-08
1052 5.584650287250e-08
1054 3.679687673688e-07
1056 1.897776352648e-06
1058 2.410958495606e-06
1060 6.695199815232e-07
1062 3.950217029880e-07
1064 2.842156246517e-07
1066 2.248545507931e-07
1068 1.882280589261e-07
1070 1.636456581878e-07
1072 1.462184228005e-07
1074 1.333938609630e-07
1076 1.237083822234e-07
1078 1.162610757590e-07
1080 1.104648377930e-07
1082 1.059179189585e-07
1084 1.023328762226e-07
1086 9.949506202100e-08
1088 9.723739697209e-08
1090 9.542479001736e-08
1092 9.394476270655e-08
1094 9.270238971006e-08
1096 9.161831147332e-08
1098 9.062865509344e-08
1100 8.968553246794e-08
1102 8.875678647080e-08
1104 8.782416975171e-08
1106 8.688007427763e-08
1108 8.592370988172e-08
1110 8.495775155712e-08
1112 8.398601938238e-08
1114 8.301220304539e-08
1116 8.203933986356e-08
1118 8.106971817323e-08
1120 8.010496845635e-08
1122 7.914620857661e-08
1124 7.819418256321e-08
1126 7.724937258094e-08
1128 7.631208203334e-08
1130 7.538249436980e-08
1132 7.446071349630e-08
1134 7.354679102351e-08
1136 7.264074440764e-08
1138 7.174256892167e-08
1140 7.085224550490e-08
1142 6.996974588489e-08
1144 6.909503590678e-08
1146 6.822807769026e-08
1148 6.736883102314e-08
1150 6.651725425925e-08
1152 6.567330489552e-08
1154 6.483693994198e-08
1156 6.400811615833e-08
1158 6.318679020483e-08
1160 6.237291873827e-08
1162 6.156645847276e-08
1164 6.076736621807e-08
1166 5.997559890378e-08
1168 5.919111359427e-08
1170 5.841386749801e-08
1172 5.764381797319e-08
1174 5.688092253106e-08
1176 5.612513883783e-08
1178 5.537642471570e-08
1180 5.463473814323e-08
1182 5.390003725544e-08
1184 5.317228034369e-08
1186 5.245142585533e-08
1188 5.173743239341e-08
1190 5.103025871618e-08
1192 5.032986373671e-08
1194 4.963620652237e-08
1196 4.894924629435e-08
1198 4.826894242719e-08
1200 4.759525444827e-08
1202 4.692814203734e-08
1204 4.626756502598e-08
1206 4.561348339712e-08
1208 4.496585728458e-08
1210 4.432464697250e-08
1212 4.368981289490e-08
1214 4.306131563518e-08
1216 4.243911592559e-08
1218 4.182317464676e-08
1220 4.121345282722e-08
1222 4.060991164285e-08
1224 4.001251241646e-08
1226 3.942121661723e-08
1228 3.883598586028e-08
1230 3.825678190611e-08
1232 3.768356666016e-08
1234 3.711630217232e-08
1236 3.655495063638e-08
1238 3.599947438962e-08
1240 3.544983591226e-08
1242 3.490599782699e-08
1244 3.436792289850e-08
1246 3.383557403294e-08
1248 3.330891427749e-08
1250 3.278790681984e-08
1252 3.227251498770e-08
1254 3.176270224831e-08
1256 3.125843220797e-08
1258 3.075966861154e-08
1260 3.026637534195e-08
1262 2.977851641970e-08
1264 2.929605600242e-08
1266 2.881895838432e-08
1268 2.834718799573e-08
1270 2.788070940263e-08
1272 2.741948730611e-08
1274 2.696348654195e-08
1276 2.651267208008e-08
1278 2.606700902409e-08
1280 2.562646261077e-08
1282 2.519099820961e-08
1284 2.476058132229e-08
1286 2.433517758222e-08
1288 2.391475275401e-08
1290 2.349927273302e-08
1292 2.308870354484e-08
1294 2.268301134479e-08
1296 2.228216241746e-08
1298 2.188612317618e-08
1300 2.149486016254e-08
1302 2.110834004589e-08
1304 2.072652962283e-08
1306 2.034939581675e-08
1308 1.997690567726e-08
1310 1.960902637976e-08
1312 1.924572522490e-08
1314 1.888696963808e-08
1316 1.853272716893e-08
1318 1.818296549084e-08
1320 1.783765240040e-08
1322 1.749675581694e-08
1324 1.716024378198e-08
1326 1.682808445870e-08
1328 1.650024613149e-08
1330 1.617669720535e-08
1332 1.585740620543e-08
1334 1.554234177645e-08
1336 1.523147268222e-08
1338 1.492476780507e-08
1340 1.462219614534e-08
1342 1.432372682084e-08
1344 1.402932906631e-08
1346 1.373897223283e-08
1348 1.345262578736e-08
1350 1.317025931211e-08
1352 1.289184250401e-08
1354 1.261734517416e-08
1356 1.234673724724e-08
1358 1.207998876097e-08
1360 1.181706986549e-08
1362 1.155795082284e-08
1364 1.130260200630e-08
1366 1.105099389987e-08
1368 1.080309709759e-08
1370 1.055888230302e-08
1372 1.031832032857e-08
1374 1.008138209488e-08
1376 9.848038630205e-09
