0 1.000000000000e+00
4 6.081658488588e-03
8 4.159991457270e+02
12 1.336733593019e+01
16 9.451882697829e+00
20 1.241595060601e+06
24 1.241596158800e+06
28 1.241597257002e+06
32 1.241598355205e+06
36 1.241599453411e+06
40 1.241600551618e+06
44 1.241601649827e+06
48 1.241602748038e+06
52 1.241603846252e+06
56 1.241604944467e+06
60 1.241606042684e+06
64 1.241607140902e+06
68 1.241608239123e+06
72 1.241609337346e+06
76 1.241610435571e+06
80 1.241611533797e+06
84 1.241612632026e+06
88 1.241613730256e+06
92 1.241614828489e+06
96 1.241615926723e+06
100 1.241617024959e+06
104 1.241618123198e+06
108 1.241619221438e+06
112 1.241620319680e+06
116 1.241621417924e+06
120 1.241622516170e+06
124 1.241623614418e+06
128 1.241624712667e+06
132 1.241625810919e+06
136 1.241626909173e+06
140 1.241628007428e+06
144 1.241629105686e+06
148 1.241630203945e+06
152 1.241631302207e+06
156 1.241632400470e+06
160 1.241633498735e+06
164 1.241634597002e+06
168 1.241635695271e+06
172 1.241636793542e+06
176 1.241637891815e+06
180 1.241638990090e+06
184 1.241640088367e+06
188 1.241641186646e+06
192 1.241642284926e+06
196 1.241643383209e+06
200 1.241644481494e+06
204 1.241645579780e+06
208 1.241646678068e+06
212 1.241647776359e+06
216 1.241648874651e+06
220 1.241649972945e+06
224 1.241651071241e+06
228 1.241652169539e+06
232 1.241653267839e+06
236 1.241654366141e+06
240 1.241655464445e+06
244 1.241656562751e+06
248 1.241657661058e+06
252 1.241658759368e+06
256 1.241659857680e+06
260 1.241660955993e+06
264 1.241662054309e+06
268 1.241663152626e+06
272 1.241664250945e+06
276 1.241665349266e+06
280 1.241666447589e+06
284 1.241667545914e+06
288 1.241668644241e+06
292 1.241669742570e+06
296 1.241670840901e+06
300 1.241671939234e+06
304 1.241673037569e+06
308 1.241674135905e+06
312 1.241675234244e+06
316 1.241676332584e+06
320 1.241677430927e+06
324 1.241678529271e+06
328 1.241679627617e+06
332 1.241680725966e+06
336 1.241681824316e+06
340 1.241682922668e+06
344 1.241684021022e+06
348 1.241685119378e+06
352 1.241686217736e+06
356 1.241687316096e+06
360 1.241688414457e+06
364 1.241689512821e+06
368 1.241690611187e+06
372 1.241691709554e+06
376 1.241692807924e+06
380 1.241693906295e+06
384 1.241695004668e+06
388 1.241696103043e+06
392 1.241697201421e+06
396 1.241698299800e+06
400 1.241699398181e+06
404 1.241700496564e+06
408 1.241701594949e+06
412 1.241702693335e+06
416 1.241703791724e+06
420 1.241704890115e+06
424 1.241705988507e+06
428 1.241707086902e+06
432 1.241708185298e+06
436 1.241709283697e+06
440 1.241710382097e+06
444 1.241711480500e+06
448 1.241712578904e+06
452 1.241713677310e+06
456 1.241714775718e+06
460 1.241715874128e+06
464 1.241716972540e+06
468 1.241718070954e+06
472 1.241719169369e+06
476 1.241720267787e+06
480 1.241721366207e+06
484 1.241722464628e+06
488 1.241723563052e+06
492 1.241724661477e+06
496 1.241725759905e+06
500 1.241726858334e+06
504 1.241727956765e+06
508 1.241729055198e+06
512 1.241730153633e+06
516 1.241731252070e+06
520 1.241732350509e+06
524 1.241733448950e+06
528 1.241734547393e+06
532 1.241735645838e+06
536 1.241736744284e+06
540 1.241737842733e+06
544 1.241738941184e+06
548 1.241740039636e+06
552 1.241741138090e+06
556 1.241742236547e+06
560 1.241743335005e+06
564 1.241744433465e+06
568 1.241745531927e+06
572 1.241746630391e+06
576 1.241747728857e+06
580 1.241748827325e+06
584 1.241749925795e+06
588 1.241751024267e+06
592 1.241752122740e+06
596 1.241753221216e+06
600 1.241754319694e+06
604 1.241755418173e+06
608 1.241756516654e+06
612 1.241757615138e+06
616 1.241758713623e+06
620 1.241759812110e+06
624 1.241760910599e+06
628 1.241762009091e+06
632 1.241763107583e+06
636 1.241764206078e+06
640 1.241765304575e+06
644 1.241766403074e+06
648 1.241767501575e+06
652 1.241768600077e+06
656 1.241769698582e+06
660 1.241770797089e+06
664 1.241771895597e+06
668 1.241772994107e+06
672 1.241774092620e+06
676 1.241775191134e+06
680 1.241776289650e+06
684 1.241777388168e+06
688 1.241778486688e+06
692 1.241779585210e+06
696 1.241780683734e+06
700 1.241781782260e+06
704 1.241782880788e+06
708 1.241783979317e+06
712 1.241785077849e+06
716 1.241786176382e+06
720 1.241787274918e+06
724 1.241788373455e+06
728 1.241789471995e+06
732 1.241790570536e+06
736 1.241791669079e+06
740 1.241792767624e+06
744 1.241793866171e+06
748 1.241794964720e+06
752 1.241796063271e+06
756 1.241797161824e+06
760 1.241798260379e+06
764 1.241799358935e+06
768 1.241800457494e+06
772 1.241801556055e+06
776 1.241802654617e+06
780 1.241803753182e+06
784 1.241804851748e+06
788 1.241805950316e+06
792 1.241807048887e+06
796 1.241808147459e+06
800 1.241809246033e+06
804 1.241810344609e+06
808 1.241811443187e+06
812 1.241812541767e+06
816 1.241813640348e+06
820 1.241814738932e+06
824 1.241815837518e+06
828 1.241816936105e+06
832 1.241818034695e+06
836 1.241819133286e+06
840 1.241820231880e+06
844 1.241821330475e+06
848 1.241822429072e+06
852 1.241823527672e+06
856 1.241824626273e+06
860 1.241825724876e+06
864 1.241826823481e+06
868 1.241827922088e+06
872 1.241829020696e+06
876 1.241830119307e+06
880 1.241831217920e+06
884 1.241832316535e+06
888 1.241833415151e+06
892 1.241834513770e+06
896 1.241835612390e+06
900 1.241836711012e+06
904 1.241837809637e+06
908 1.241838908263e+06
912 1.241840006891e+06
916 1.241841105521e+06
920 1.241842204153e+06
924 1.241843302787e+06
928 1.241844401423e+06
932 1.241845500061e+06
936 1.241846598700e+06
940 1.241847697342e+06
944 1.241848795986e+06
948 1.241849894631e+06
952 1.241850993279e+06
956 1.241852091928e+06
960 1.241853190579e+06
964 1.241854289233e+06
968 1.241855387888e+06
972 1.241856486545e+06
976 1.241857585204e+06
980 1.241858683865e+06
984 1.241859782528e+06
988 1.241860881193e+06
992 1.241861979860e+06
996 1.241863078528e+06
1000 1.241864177199e+06
1004 1.241865275871e+06
1008 1.241866374546e+06
1012 1.241867473222e+06
1016 1.241868571901e+06
1020 1.241869670581e+06
1024 1.241870769263e+06
1028 1.241871867947e+06
1032 1.241872966633e+06
1036 1.241874065321e+06
1040 1.241875164011e+06
1044 1.241876262703e+06
1048 1.241877361397e+06
1052 1.241878460093e+06
1056 1.241879558790e+06
1060 1.241880657490e+06
1064 1.241881756192e+06
1068 1.241882854895e+06
1072 1.241883953600e+06
1076 1.241885052308e+06
1080 1.241886151017e+06
1084 1.241887249728e+06
1088 1.241888348441e+06
1092 1.241889447156e+06
1096 1.241890545873e+06
1100 1.241891644592e+06
1104 1.241892743313e+06
1108 1.241893842036e+06
1112 1.241894940761e+06
1116 1.241896039487e+06
1120 1.241897138216e+06
1124 1.241898236946e+06
1128 1.241899335679e+06
1132 1.241900434413e+06
1136 1.241901533149e+06
1140 1.241902631888e+06
1144 1.241903730628e+06
1148 1.241904829370e+06
1152 1.241905928114e+06
1156 1.241907026860e+06
1160 1.241908125608e+06
1164 1.241909224357e+06
1168 1.241910323109e+06
1172 1.241911421863e+06
1176 1.241912520618e+06
1180 1.241913619376e+06
1184 1.241914718135e+06
1188 1.241915816897e+06
1192 1.241916915660e+06
1196 1.241918014425e+06
1200 1.241919113193e+06
1204 1.241920211962e+06
1208 1.241921310733e+06
1212 1.241922409506e+06
1216 1.241923508281e+06
1220 1.241924607058e+06
1224 1.241925705836e+06
1228 1.241926804617e+06
1232 1.241927903400e+06
1236 1.241929002184e+06
1240 1.241930100971e+06
1244 1.241931199759e+06
1248 1.241932298550e+06
1252 1.241933397342e+06
1256 1.241934496136e+06
1260 1.241935594932e+06
1264 1.241936693730e+06
1268 1.241937792530e+06
1272 1.241938891332e+06
1276 1.241939990136e+06
1280 1.241941088942e+06
1284 1.241942187750e+06
1288 1.241943286559e+06
1292 1.241944385371e+06
1296 1.241945484185e+06
1300 1.241946583000e+06
1304 1.241947681817e+06
1308 1.241948780637e+06
1312 1.241949879458e+06
1316 1.241950978281e+06
1320 1.241952077106e+06
1324 1.241953175933e+06
1328 1.241954274762e+06
1332 1.241955373593e+06
1336 1.241956472426e+06
1340 1.241957571261e+06
1344 1.241958670098e+06
1348 1.241959768936e+06
1352 1.241960867777e+06
1356 1.241961966619e+06
1360 1.241963065464e+06
1364 1.241964164310e+06
1368 1.241965263159e+06
1372 1.241966362009e+06
1376 1.241967460861e+06
1380 1.241968559715e+06
1384 1.241969658571e+06
1388 1.241970757429e+06
1392 1.241971856289e+06
1396 1.241972955151e+06
1400 1.241974054015e+06
1404 1.241975152880e+06
1408 1.241976251748e+06
1412 1.241977350617e+06
1416 1.241978449489e+06
1420 1.241979548362e+06
1424 1.241980647238e+06
1428 1.241981746115e+06
1432 1.241982844994e+06
1436 1.241983943875e+06
1440 1.241985042758e+06
1444 1.241986141643e+06
1448 1.241987240530e+06
1452 1.241988339419e+06
1456 1.241989438310e+06
1460 1.241990537203e+06
1464 1.241991636097e+06
1468 1.241992734994e+06
1472 1.241993833893e+06
1476 1.241994932793e+06
1480 1.241996031695e+06
1484 1.241997130600e+06
1488 1.241998229506e+06
1492 1.241999328414e+06
1496 1.242000427324e+06
1500 1.242001526236e+06
1504 1.242002625150e+06
1508 1.242003724066e+06
1512 1.242004822984e+06
1516 1.242005921904e+06
1520 1.242007020826e+06
1524 1.242008119749e+06
1528 1.242009218675e+06
1532 1.242010317602e+06
1536 1.242011416532e+06
1540 1.242012515463e+06
1544 1.242013614396e+06
1548 1.242014713332e+06
1552 1.242015812269e+06
1556 1.242016911208e+06
1560 1.242018010149e+06
1564 1.242019109092e+06
1568 1.242020208037e+06
1572 1.242021306984e+06
1576 1.242022405932e+06
1580 1.242023504883e+06
1584 1.242024603836e+06
1588 1.242025702790e+06
1592 1.242026801747e+06
1596 1.242027900705e+06
1600 1.242028999665e+06
1604 1.242030098628e+06
1608 1.242031197592e+06
1612 1.242032296558e+06
1616 1.242033395526e+06
1620 1.242034494496e+06
1624 1.242035593468e+06
1628 1.242036692442e+06
1632 1.242037791418e+06
1636 1.242038890395e+06
1640 1.242039989375e+06
1644 1.242041088357e+06
1648 1.242042187340e+06
1652 1.242043286326e+06
1656 1.242044385313e+06
1660 1.242045484302e+06
1664 1.242046583294e+06
1668 1.242047682287e+06
1672 1.242048781282e+06
1676 1.242049880279e+06
1680 1.242050979278e+06
1684 1.242052078279e+06
1688 1.242053177282e+06
1692 1.242054276286e+06
1696 1.242055375293e+06
1700 1.242056474302e+06
1704 1.242057573312e+06
1708 1.242058672325e+06
1712 1.242059771339e+06
1716 1.242060870356e+06
1720 1.242061969374e+06
1724 1.242063068394e+06
1728 1.242064167416e+06
1732 1.242065266441e+06
1736 1.242066365467e+06
1740 1.242067464495e+06
1744 1.242068563524e+06
1748 1.242069662556e+06
1752 1.242070761590e+06
1756 1.242071860626e+06
1760 1.242072959663e+06
1764 1.242074058703e+06
1768 1.242075157744e+06
1772 1.242076256788e+06
1776 1.242077355833e+06
1780 1.242078454880e+06
1784 1.242079553930e+06
1788 1.242080652981e+06
1792 1.242081752034e+06
1796 1.242082851089e+06
1800 1.242083950146e+06
1804 1.242085049205e+06
1808 1.242086148265e+06
1812 1.242087247328e+06
1816 1.242088346393e+06
1820 1.242089445459e+06
1824 1.242090544528e+06
1828 1.242091643598e+06
1832 1.242092742671e+06
1836 1.242093841745e+06
1840 1.242094940821e+06
1844 1.242096039900e+06
1848 1.242097138980e+06
1852 1.242098238062e+06
1856 1.242099337146e+06
1860 1.242100436232e+06
1864 1.242101535320e+06
1868 1.242102634409e+06
1872 1.242103733501e+06
1876 1.242104832595e+06
1880 1.242105931690e+06
1884 1.242107030788e+06
1888 1.242108129887e+06
1892 1.242109228989e+06
1896 1.242110328092e+06
1900 1.242111427197e+06
1904 1.242112526304e+06
1908 1.242113625413e+06
1912 1.242114724524e+06
1916 1.242115823637e+06
1920 1.242116922752e+06
1924 1.242118021869e+06
1928 1.242119120988e+06
1932 1.242120220109e+06
1936 1.242121319231e+06
1940 1.242122418356e+06
1944 1.242123517482e+06
1948 1.242124616611e+06
1952 1.242125715741e+06
1956 1.242126814873e+06
1960 1.242127914008e+06
1964 1.242129013144e+06
1968 1.242130112282e+06
1972 1.242131211422e+06
1976 1.242132310564e+06
1980 1.242133409708e+06
1984 1.242134508854e+06
1988 1.242135608001e+06
1992 1.242136707151e+06
1996 1.242137806303e+06
2000 1.242138905456e+06
2004 1.242140004612e+06
2008 1.242141103769e+06
2012 1.242142202928e+06
2016 1.242143302090e+06
2020 1.242144401253e+06
2024 1.242145500418e+06
2028 1.242146599585e+06
2032 1.242147698754e+06
2036 1.242148797925e+06
2040 1.242149897098e+06
2044 1.242150996273e+06
2048 1.242152095450e+06
2052 1.242153194628e+06
2056 1.242154293809e+06
2060 1.242155392991e+06
2064 1.242156492176e+06
2068 1.242157591362e+06
2072 1.242158690551e+06
2076 1.242159789741e+06
2080 1.242160888933e+06
2084 1.242161988127e+06
2088 1.242163087323e+06
2092 1.242164186521e+06
2096 1.242165285721e+06
2100 1.242166384923e+06
2104 1.242167484127e+06
2108 1.242168583332e+06
2112 1.242169682540e+06
2116 1.242170781750e+06
2120 1.242171880961e+06
2124 1.242172980175e+06
2128 1.242174079390e+06
2132 1.242175178607e+06
2136 1.242176277827e+06
2140 1.242177377048e+06
2144 1.242178476271e+06
2148 1.242179575496e+06
2152 1.242180674723e+06
2156 1.242181773952e+06
2160 1.242182873183e+06
2164 1.242183972415e+06
2168 1.242185071650e+06
2172 1.242186170887e+06
2176 1.242187270125e+06
2180 1.242188369366e+06
2184 1.242189468608e+06
2188 1.242190567853e+06
2192 1.242191667099e+06
2196 1.242192766347e+06
2200 1.242193865597e+06
2204 1.242194964850e+06
2208 1.242196064104e+06
2212 1.242197163360e+06
2216 1.242198262617e+06
2220 1.242199361877e+06
2224 1.242200461139e+06
2228 1.242201560403e+06
2232 1.242202659668e+06
2236 1.242203758936e+06
2240 1.242204858205e+06
2244 1.242205957477e+06
2248 1.242207056750e+06
2252 1.242208156026e+06
2256 1.242209255303e+06
2260 1.242210354582e+06
2264 1.242211453863e+06
2268 1.242212553146e+06
2272 1.242213652431e+06
2276 1.242214751718e+06
2280 1.242215851007e+06
2284 1.242216950297e+06
2288 1.242218049590e+06
2292 1.242219148885e+06
2296 1.242220248181e+06
2300 1.242221347480e+06
2304 1.242222446780e+06
2308 1.242223546083e+06
2312 1.242224645387e+06
2316 1.242225744693e+06
2320 1.242226844001e+06
2324 1.242227943311e+06
2328 1.242229042623e+06
2332 1.242230141937e+06
2336 1.242231241253e+06
2340 1.242232340571e+06
2344 1.242233439891e+06
2348 1.242234539212e+06
2352 1.242235638536e+06
2356 1.242236737862e+06
2360 1.242237837189e+06
2364 1.242238936518e+06
2368 1.242240035850e+06
2372 1.242241135183e+06
2376 1.242242234518e+06
2380 1.242243333855e+06
2384 1.242244433194e+06
2388 1.242245532535e+06
2392 1.242246631878e+06
2396 1.242247731223e+06
2400 1.242248830570e+06
2404 1.242249929919e+06
2408 1.242251029270e+06
2412 1.242252128622e+06
2416 1.242253227977e+06
2420 1.242254327333e+06
2424 1.242255426692e+06
2428 1.242256526052e+06
2432 1.242257625414e+06
2436 1.242258724778e+06
2440 1.242259824144e+06
2444 1.242260923513e+06
2448 1.242262022883e+06
2452 1.242263122254e+06
2456 1.242264221628e+06
2460 1.242265321004e+06
2464 1.242266420382e+06
2468 1.242267519762e+06
2472 1.242268619143e+06
2476 1.242269718527e+06
2480 1.242270817912e+06
2484 1.242271917299e+06
2488 1.242273016689e+06
2492 1.242274116080e+06
2496 1.242275215473e+06
2500 1.242276314868e+06
2504 1.242277414265e+06
2508 1.242278513664e+06
2512 1.242279613065e+06
2516 1.242280712468e+06
2520 1.242281811873e+06
2524 1.242282911280e+06
2528 1.242284010688e+06
2532 1.242285110099e+06
2536 1.242286209512e+06
2540 1.242287308926e+06
2544 1.242288408342e+06
2548 1.242289507761e+06
2552 1.242290607181e+06
2556 1.242291706603e+06
2560 1.242292806027e+06
2564 1.242293905453e+06
2568 1.242295004881e+06
2572 1.242296104311e+06
2576 1.242297203743e+06
2580 1.242298303177e+06
2584 1.242299402613e+06
2588 1.242300502050e+06
2592 1.242301601490e+06
2596 1.242302700931e+06
2600 1.242303800375e+06
2604 1.242304899820e+06
2608 1.242305999267e+06
2612 1.242307098717e+06
2616 1.242308198168e+06
2620 1.242309297621e+06
2624 1.242310397076e+06
2628 1.242311496533e+06
2632 1.242312595992e+06
2636 1.242313695453e+06
2640 1.242314794916e+06
2644 1.242315894380e+06
2648 1.242316993847e+06
2652 1.242318093316e+06
2656 1.242319192786e+06
2660 1.242320292259e+06
2664 1.242321391733e+06
2668 1.242322491209e+06
2672 1.242323590687e+06
2676 1.242324690168e+06
2680 1.242325789650e+06
2684 1.242326889134e+06
2688 1.242327988620e+06
2692 1.242329088108e+06
2696 1.242330187598e+06
2700 1.242331287089e+06
2704 1.242332386583e+06
2708 1.242333486079e+06
2712 1.242334585576e+06
2716 1.242335685076e+06
2720 1.242336784577e+06
2724 1.242337884081e+06
2728 1.242338983586e+06
2732 1.242340083093e+06
2736 1.242341182602e+06
2740 1.242342282113e+06
2744 1.242343381627e+06
2748 1.242344481141e+06
2752 1.242345580658e+06
2756 1.242346680177e+06
2760 1.242347779698e+06
2764 1.242348879221e+06
2768 1.242349978745e+06
2772 1.242351078272e+06
2776 1.242352177800e+06
2780 1.242353277331e+06
2784 1.242354376863e+06
2788 1.242355476398e+06
2792 1.242356575934e+06
2796 1.242357675472e+06
2800 1.242358775012e+06
2804 1.242359874554e+06
2808 1.242360974098e+06
2812 1.242362073644e+06
2816 1.242363173192e+06
2820 1.242364272742e+06
2824 1.242365372293e+06
2828 1.242366471847e+06
2832 1.242367571403e+06
2836 1.242368670960e+06
2840 1.242369770520e+06
2844 1.242370870081e+06
2848 1.242371969644e+06
2852 1.242373069210e+06
2856 1.242374168777e+06
2860 1.242375268346e+06
2864 1.242376367917e+06
2868 1.242377467490e+06
2872 1.242378567065e+06
2876 1.242379666642e+06
2880 1.242380766220e+06
2884 1.242381865801e+06
2888 1.242382965384e+06
2892 1.242384064968e+06
2896 1.242385164555e+06
2900 1.242386264143e+06
2904 1.242387363734e+06
2908 1.242388463326e+06
2912 1.242389562920e+06
2916 1.242390662516e+06
2920 1.242391762115e+06
2924 1.242392861715e+06
2928 1.242393961317e+06
2932 1.242395060920e+06
2936 1.242396160526e+06
2940 1.242397260134e+06
2944 1.242398359744e+06
2948 1.242399459355e+06
2952 1.242400558969e+06
2956 1.242401658585e+06
2960 1.242402758202e+06
2964 1.242403857821e+06
2968 1.242404957443e+06
2972 1.242406057066e+06
2976 1.242407156691e+06
2980 1.242408256318e+06
2984 1.242409355947e+06
2988 1.242410455578e+06
2992 1.242411555211e+06
2996 1.242412654846e+06
3000 1.242413754483e+06
3004 1.242414854122e+06
3008 1.242415953762e+06
3012 1.242417053405e+06
3016 1.242418153049e+06
3020 1.242419252696e+06
3024 1.242420352344e+06
3028 1.242421451994e+06
3032 1.242422551647e+06
3036 1.242423651301e+06
3040 1.242424750957e+06
3044 1.242425850615e+06
3048 1.242426950275e+06
3052 1.242428049937e+06
3056 1.242429149601e+06
3060 1.242430249267e+06
3064 1.242431348934e+06
3068 1.242432448604e+06
3072 1.242433548276e+06
3076 1.242434647949e+06
3080 1.242435747625e+06
3084 1.242436847302e+06
3088 1.242437946981e+06
3092 1.242439046663e+06
3096 1.242440146346e+06
3100 1.242441246031e+06
3104 1.242442345718e+06
3108 1.242443445407e+06
3112 1.242444545098e+06
3116 1.242445644791e+06
3120 1.242446744485e+06
3124 1.242447844182e+06
3128 1.242448943881e+06
3132 1.242450043581e+06
3136 1.242451143284e+06
3140 1.242452242988e+06
3144 1.242453342695e+06
3148 1.242454442403e+06
3152 1.242455542113e+06
3156 1.242456641826e+06
3160 1.242457741540e+06
3164 1.242458841256e+06
3168 1.242459940974e+06
3172 1.242461040694e+06
3176 1.242462140416e+06
3180 1.242463240139e+06
3184 1.242464339865e+06
3188 1.242465439593e+06
3192 1.242466539322e+06
3196 1.242467639054e+06
3200 1.242468738787e+06
3204 1.242469838523e+06
3208 1.242470938260e+06
3212 1.242472037999e+06
3216 1.242473137741e+06
3220 1.242474237484e+06
3224 1.242475337229e+06
3228 1.242476436976e+06
3232 1.242477536725e+06
3236 1.242478636476e+06
3240 1.242479736228e+06
3244 1.242480835983e+06
3248 1.242481935740e+06
3252 1.242483035498e+06
3256 1.242484135259e+06
3260 1.242485235022e+06
3264 1.242486334786e+06
3268 1.242487434552e+06
3272 1.242488534321e+06
3276 1.242489634091e+06
3280 1.242490733863e+06
3284 1.242491833637e+06
3288 1.242492933413e+06
3292 1.242494033191e+06
3296 1.242495132971e+06
3300 1.242496232753e+06
3304 1.242497332536e+06
3308 1.242498432322e+06
3312 1.242499532110e+06
3316 1.242500631899e+06
3320 1.242501731691e+06
3324 1.242502831484e+06
3328 1.242503931280e+06
3332 1.242505031077e+06
3336 1.242506130876e+06
3340 1.242507230677e+06
3344 1.242508330480e+06
3348 1.242509430285e+06
3352 1.242510530092e+06
3356 1.242511629901e+06
3360 1.242512729712e+06
3364 1.242513829525e+06
3368 1.242514929339e+06
3372 1.242516029156e+06
3376 1.242517128975e+06
3380 1.242518228795e+06
3384 1.242519328618e+06
3388 1.242520428442e+06
3392 1.242521528268e+06
3396 1.242522628096e+06
3400 1.242523727927e+06
3404 1.242524827759e+06
3408 1.242525927593e+06
3412 1.242527027429e+06
3416 1.242528127267e+06
3420 1.242529227106e+06
3424 1.242530326948e+06
3428 1.242531426792e+06
3432 1.242532526638e+06
3436 1.242533626485e+06
3440 1.242534726335e+06
3444 1.242535826186e+06
3448 1.242536926039e+06
3452 1.242538025895e+06
3456 1.242539125752e+06
3460 1.242540225611e+06
3464 1.242541325472e+06
3468 1.242542425335e+06
3472 1.242543525200e+06
3476 1.242544625067e+06
3480 1.242545724936e+06
3484 1.242546824807e+06
3488 1.242547924680e+06
3492 1.242549024554e+06
3496 1.242550124431e+06
3500 1.242551224309e+06
3504 1.242552324190e+06
3508 1.242553424072e+06
3512 1.242554523957e+06
3516 1.242555623843e+06
3520 1.242556723731e+06
3524 1.242557823621e+06
3528 1.242558923513e+06
3532 1.242560023407e+06
3536 1.242561123303e+06
3540 1.242562223201e+06
3544 1.242563323101e+06
3548 1.242564423002e+06
3552 1.242565522906e+06
3556 1.242566622812e+06
3560 1.242567722719e+06
3564 1.242568822629e+06
3568 1.242569922540e+06
3572 1.242571022453e+06
3576 1.242572122369e+06
3580 1.242573222286e+06
3584 1.242574322205e+06
3588 1.242575422126e+06
3592 1.242576522049e+06
3596 1.242577621974e+06
3600 1.242578721901e+06
3604 1.242579821830e+06
3608 1.242580921761e+06
3612 1.242582021693e+06
3616 1.242583121628e+06
3620 1.242584221564e+06
3624 1.242585321503e+06
3628 1.242586421443e+06
3632 1.242587521386e+06
3636 1.242588621330e+06
3640 1.242589721276e+06
3644 1.242590821224e+06
3648 1.242591921174e+06
3652 1.242593021126e+06
3656 1.242594121080e+06
3660 1.242595221036e+06
3664 1.242596320994e+06
3668 1.242597420954e+06
3672 1.242598520916e+06
3676 1.242599620879e+06
3680 1.242600720845e+06
3684 1.242601820812e+06
3688 1.242602920782e+06
3692 1.242604020753e+06
3696 1.242605120726e+06
3700 1.242606220702e+06
3704 1.242607320679e+06
3708 1.242608420658e+06
3712 1.242609520639e+06
3716 1.242610620622e+06
3720 1.242611720607e+06
3724 1.242612820594e+06
3728 1.242613920582e+06
3732 1.242615020573e+06
3736 1.242616120566e+06
3740 1.242617220560e+06
3744 1.242618320557e+06
3748 1.242619420555e+06
3752 1.242620520556e+06
3756 1.242621620558e+06
3760 1.242622720562e+06
3764 1.242623820568e+06
3768 1.242624920577e+06
3772 1.242626020587e+06
3776 1.242627120599e+06
3780 1.242628220613e+06
3784 1.242629320628e+06
3788 1.242630420646e+06
3792 1.242631520666e+06
3796 1.242632620688e+06
3800 1.242633720711e+06
3804 1.242634820737e+06
3808 1.242635920764e+06
3812 1.242637020794e+06
3816 1.242638120825e+06
3820 1.242639220858e+06
3824 1.242640320893e+06
3828 1.242641420931e+06
3832 1.242642520970e+06
3836 1.242643621011e+06
3840 1.242644721054e+06
3844 1.242645821099e+06
3848 1.242646921145e+06
3852 1.242648021194e+06
3856 1.242649121245e+06
3860 1.242650221297e+06
3864 1.242651321352e+06
3868 1.242652421408e+06
3872 1.242653521467e+06
3876 1.242654621527e+06
3880 1.242655721590e+06
3884 1.242656821654e+06
3888 1.242657921720e+06
3892 1.242659021788e+06
3896 1.242660121858e+06
3900 1.242661221930e+06
3904 1.242662322004e+06
3908 1.242663422080e+06
3912 1.242664522158e+06
3916 1.242665622237e+06
3920 1.242666722319e+06
3924 1.242667822402e+06
3928 1.242668922488e+06
3932 1.242670022575e+06
3936 1.242671122665e+06
3940 1.242672222756e+06
3944 1.242673322849e+06
3948 1.242674422945e+06
3952 1.242675523042e+06
3956 1.242676623141e+06
3960 1.242677723242e+06
3964 1.242678823345e+06
3968 1.242679923449e+06
3972 1.242681023556e+06
3976 1.242682123665e+06
3980 1.242683223776e+06
3984 1.242684323888e+06
3988 1.242685424003e+06
3992 1.242686524119e+06
3996 1.242687624238e+06
4000 1.242688724358e+06
4004 1.242689824480e+06
4008 1.242690924604e+06
4012 1.242692024731e+06
4016 1.242693124859e+06
4020 1.242694224989e+06
4024 1.242695325121e+06
4028 1.242696425254e+06
4032 1.242697525390e+06
4036 1.242698625528e+06
4040 1.242699725668e+06
4044 1.242700825809e+06
4048 1.242701925953e+06
4052 1.242703026098e+06
4056 1.242704126246e+06
4060 1.242705226395e+06
4064 1.242706326546e+06
4068 1.242707426700e+06
4072 1.242708526855e+06
4076 1.242709627012e+06
4080 1.242710727171e+06
4084 1.242711827332e+06
4088 1.242712927495e+06
4092 1.242714027660e+06
4096 1.242715127826e+06
4100 1.242716227995e+06
4104 1.242717328166e+06
4108 1.242718428338e+06
4112 1.242719528513e+06
4116 1.242720628689e+06
4120 1.242721728868e+06
4124 1.242722829048e+06
4128 1.242723929230e+06
4132 1.242725029415e+06
4136 1.242726129601e+06
4140 1.242727229789e+06
4144 1.242728329979e+06
4148 1.242729430171e+06
4152 1.242730530365e+06
4156 1.242731630560e+06
4160 1.242732730758e+06
4164 1.242733830958e+06
4168 1.242734931159e+06
4172 1.242736031363e+06
4176 1.242737131568e+06
4180 1.242738231776e+06
4184 1.242739331985e+06
4188 1.242740432196e+06
4192 1.242741532410e+06
4196 1.242742632625e+06
4200 1.242743732842e+06
4204 1.242744833061e+06
4208 1.242745933282e+06
4212 1.242747033505e+06
4216 1.242748133729e+06
4220 1.242749233956e+06
4224 1.242750334185e+06
4228 1.242751434416e+06
4232 1.242752534648e+06
4236 1.242753634883e+06
4240 1.242754735119e+06
4244 1.242755835357e+06
4248 1.242756935598e+06
4252 1.242758035840e+06
4256 1.242759136084e+06
4260 1.242760236330e+06
4264 1.242761336578e+06
4268 1.242762436828e+06
4272 1.242763537080e+06
4276 1.242764637334e+06
4280 1.242765737590e+06
4284 1.242766837848e+06
4288 1.242767938107e+06
4292 1.242769038369e+06
4296 1.242770138632e+06
4300 1.242771238898e+06
4304 1.242772339165e+06
4308 1.242773439435e+06
4312 1.242774539706e+06
4316 1.242775639979e+06
4320 1.242776740254e+06
4324 1.242777840531e+06
4328 1.242778940810e+06
4332 1.242780041091e+06
4336 1.242781141374e+06
4340 1.242782241659e+06
4344 1.242783341946e+06
4348 1.242784442234e+06
4352 1.242785542525e+06
4356 1.242786642818e+06
4360 1.242787743112e+06
4364 1.242788843408e+06
4368 1.242789943707e+06
4372 1.242791044007e+06
4376 1.242792144309e+06
4380 1.242793244614e+06
4384 1.242794344920e+06
4388 1.242795445228e+06
4392 1.242796545538e+06
4396 1.242797645850e+06
4400 1.242798746163e+06
4404 1.242799846479e+06
4408 1.242800946797e+06
4412 1.242802047117e+06
4416 1.242803147438e+06
4420 1.242804247762e+06
4424 1.242805348087e+06
4428 1.242806448415e+06
4432 1.242807548744e+06
4436 1.242808649075e+06
4440 1.242809749408e+06
4444 1.242810849743e+06
4448 1.242811950081e+06
4452 1.242813050420e+06
4456 1.242814150760e+06
4460 1.242815251103e+06
4464 1.242816351448e+06
4468 1.242817451795e+06
4472 1.242818552144e+06
4476 1.242819652494e+06
4480 1.242820752847e+06
4484 1.242821853201e+06
4488 1.242822953558e+06
4492 1.242824053916e+06
4496 1.242825154276e+06
4500 1.242826254639e+06
4504 1.242827355003e+06
4508 1.242828455369e+06
4512 1.242829555737e+06
4516 1.242830656107e+06
4520 1.242831756479e+06
4524 1.242832856853e+06
4528 1.242833957228e+06
4532 1.242835057606e+06
4536 1.242836157986e+06
4540 1.242837258367e+06
4544 1.242838358751e+06
4548 1.242839459136e+06
4552 1.242840559524e+06
4556 1.242841659913e+06
4560 1.242842760304e+06
4564 1.242843860697e+06
4568 1.242844961093e+06
4572 1.242846061490e+06
4576 1.242847161889e+06
4580 1.242848262290e+06
4584 1.242849362693e+06
4588 1.242850463097e+06
4592 1.242851563504e+06
4596 1.242852663913e+06
4600 1.242853764323e+06
4604 1.242854864736e+06
4608 1.242855965150e+06
4612 1.242857065567e+06
4616 1.242858165985e+06
4620 1.242859266406e+06
4624 1.242860366828e+06
4628 1.242861467252e+06
4632 1.242862567678e+06
4636 1.242863668106e+06
4640 1.242864768536e+06
4644 1.242865868968e+06
4648 1.242866969402e+06
4652 1.242868069838e+06
4656 1.242869170275e+06
4660 1.242870270715e+06
4664 1.242871371157e+06
4668 1.242872471600e+06
4672 1.242873572046e+06
4676 1.242874672493e+06
4680 1.242875772942e+06
4684 1.242876873394e+06
4688 1.242877973847e+06
4692 1.242879074302e+06
4696 1.242880174759e+06
4700 1.242881275218e+06
4704 1.242882375679e+06
4708 1.242883476142e+06
4712 1.242884576607e+06
4716 1.242885677073e+06
4720 1.242886777542e+06
4724 1.242887878013e+06
4728 1.242888978485e+06
4732 1.242890078960e+06
4736 1.242891179436e+06
4740 1.242892279915e+06
4744 1.242893380395e+06
4748 1.242894480877e+06
4752 1.242895581361e+06
4756 1.242896681847e+06
4760 1.242897782335e+06
4764 1.242898882825e+06
4768 1.242899983317e+06
4772 1.242901083811e+06
4776 1.242902184307e+06
4780 1.242903284805e+06
4784 1.242904385304e+06
4788 1.242905485806e+06
4792 1.242906586309e+06
4796 1.242907686815e+06
4800 1.242908787322e+06
4804 1.242909887832e+06
4808 1.242910988343e+06
4812 1.242912088856e+06
4816 1.242913189371e+06
4820 1.242914289888e+06
4824 1.242915390407e+06
4828 1.242916490928e+06
4832 1.242917591451e+06
4836 1.242918691976e+06
4840 1.242919792503e+06
4844 1.242920893032e+06
4848 1.242921993562e+06
4852 1.242923094095e+06
4856 1.242924194629e+06
4860 1.242925295166e+06
4864 1.242926395704e+06
4868 1.242927496244e+06
4872 1.242928596787e+06
4876 1.242929697331e+06
4880 1.242930797877e+06
4884 1.242931898425e+06
4888 1.242932998975e+06
4892 1.242934099527e+06
4896 1.242935200081e+06
4900 1.242936300637e+06
4904 1.242937401194e+06
4908 1.242938501754e+06
4912 1.242939602316e+06
4916 1.242940702879e+06
4920 1.242941803445e+06
4924 1.242942904012e+06
4928 1.242944004582e+06
4932 1.242945105153e+06
4936 1.242946205726e+06
4940 1.242947306301e+06
4944 1.242948406878e+06
4948 1.242949507457e+06
4952 1.242950608038e+06
4956 1.242951708621e+06
4960 1.242952809206e+06
4964 1.242953909793e+06
4968 1.242955010382e+06
4972 1.242956110972e+06
4976 1.242957211565e+06
4980 1.242958312159e+06
4984 1.242959412756e+06
4988 1.242960513354e+06
4992 1.242961613955e+06
4996 1.242962714557e+06
5000 1.242963815161e+06
5004 1.242964915767e+06
5008 1.242966016375e+06
5012 1.242967116985e+06
5016 1.242968217597e+06
5020 1.242969318211e+06
5024 1.242970418827e+06
5028 1.242971519445e+06
5032 1.242972620064e+06
5036 1.242973720686e+06
5040 1.242974821310e+06
5044 1.242975921935e+06
5048 1.242977022563e+06
5052 1.242978123192e+06
5056 1.242979223823e+06
5060 1.242980324456e+06
5064 1.242981425092e+06
5068 1.242982525729e+06
5072 1.242983626368e+06
5076 1.242984727009e+06
5080 1.242985827652e+06
5084 1.242986928297e+06
5088 1.242988028943e+06
5092 1.242989129592e+06
5096 1.242990230243e+06
5100 1.242991330895e+06
5104 1.242992431550e+06
5108 1.242993532206e+06
5112 1.242994632865e+06
5116 1.242995733525e+06
5120 1.242996834188e+06
5124 1.242997934852e+06
5128 1.242999035518e+06
5132 1.243000136186e+06
5136 1.243001236856e+06
5140 1.243002337528e+06
5144 1.243003438202e+06
5148 1.243004538878e+06
5152 1.243005639556e+06
5156 1.243006740235e+06
5160 1.243007840917e+06
5164 1.243008941601e+06
5168 1.243010042286e+06
5172 1.243011142974e+06
5176 1.243012243663e+06
5180 1.243013344354e+06
5184 1.243014445048e+06
5188 1.243015545743e+06
5192 1.243016646440e+06
5196 1.243017747139e+06
5200 1.243018847840e+06
5204 1.243019948543e+06
5208 1.243021049248e+06
5212 1.243022149955e+06
5216 1.243023250663e+06
5220 1.243024351374e+06
5224 1.243025452087e+06
5228 1.243026552801e+06
5232 1.243027653518e+06
5236 1.243028754236e+06
5240 1.243029854957e+06
5244 1.243030955679e+06
5248 1.243032056403e+06
5252 1.243033157129e+06
5256 1.243034257858e+06
5260 1.243035358588e+06
5264 1.243036459320e+06
5268 1.243037560054e+06
5272 1.243038660789e+06
5276 1.243039761527e+06
5280 1.243040862267e+06
5284 1.243041963009e+06
5288 1.243043063752e+06
5292 1.243044164498e+06
5296 1.243045265245e+06
5300 1.243046365995e+06
5304 1.243047466746e+06
5308 1.243048567499e+06
5312 1.243049668255e+06
5316 1.243050769012e+06
5320 1.243051869771e+06
5324 1.243052970532e+06
5328 1.243054071295e+06
5332 1.243055172060e+06
5336 1.243056272827e+06
5340 1.243057373596e+06
5344 1.243058474366e+06
5348 1.243059575139e+06
5352 1.243060675914e+06
5356 1.243061776690e+06
5360 1.243062877469e+06
5364 1.243063978249e+06
5368 1.243065079031e+06
5372 1.243066179816e+06
5376 1.243067280602e+06
5380 1.243068381390e+06
5384 1.243069482180e+06
5388 1.243070582972e+06
5392 1.243071683766e+06
5396 1.243072784562e+06
5400 1.243073885360e+06
5404 1.243074986160e+06
5408 1.243076086961e+06
5412 1.243077187765e+06
5416 1.243078288571e+06
5420 1.243079389378e+06
5424 1.243080490188e+06
5428 1.243081590999e+06
5432 1.243082691812e+06
5436 1.243083792628e+06
5440 1.243084893445e+06
5444 1.243085994264e+06
5448 1.243087095085e+06
5452 1.243088195908e+06
5456 1.243089296733e+06
5460 1.243090397560e+06
5464 1.243091498389e+06
5468 1.243092599219e+06
5472 1.243093700052e+06
5476 1.243094800887e+06
5480 1.243095901723e+06
5484 1.243097002562e+06
5488 1.243098103402e+06
5492 1.243099204245e+06
5496 1.243100305089e+06
5500 1.243101405935e+06
5504 1.243102506784e+06
5508 1.243103607634e+06
5512 1.243104708486e+06
5516 1.243105809340e+06
5520 1.243106910196e+06
5524 1.243108011054e+06
5528 1.243109111913e+06
5532 1.243110212775e+06
5536 1.243111313639e+06
5540 1.243112414504e+06
5544 1.243113515372e+06
5548 1.243114616242e+06
5552 1.243115717113e+06
5556 1.243116817986e+06
5560 1.243117918862e+06
5564 1.243119019739e+06
5568 1.243120120618e+06
5572 1.243121221499e+06
5576 1.243122322382e+06
5580 1.243123423267e+06
5584 1.243124524154e+06
5588 1.243125625043e+06
5592 1.243126725934e+06
5596 1.243127826827e+06
5600 1.243128927721e+06
5604 1.243130028618e+06
5608 1.243131129516e+06
5612 1.243132230417e+06
5616 1.243133331319e+06
5620 1.243134432224e+06
5624 1.243135533130e+06
5628 1.243136634038e+06
5632 1.243137734948e+06
5636 1.243138835861e+06
5640 1.243139936775e+06
5644 1.243141037691e+06
5648 1.243142138609e+06
5652 1.243143239528e+06
5656 1.243144340450e+06
5660 1.243145441374e+06
5664 1.243146542300e+06
5668 1.243147643227e+06
5672 1.243148744157e+06
5676 1.243149845088e+06
5680 1.243150946022e+06
5684 1.243152046957e+06
5688 1.243153147894e+06
5692 1.243154248834e+06
5696 1.243155349775e+06
5700 1.243156450718e+06
5704 1.243157551663e+06
5708 1.243158652610e+06
5712 1.243159753559e+06
5716 1.243160854510e+06
5720 1.243161955462e+06
5724 1.243163056417e+06
5728 1.243164157374e+06
5732 1.243165258332e+06
5736 1.243166359293e+06
5740 1.243167460255e+06
5744 1.243168561220e+06
5748 1.243169662186e+06
5752 1.243170763154e+06
5756 1.243171864125e+06
5760 1.243172965097e+06
5764 1.243174066071e+06
5768 1.243175167047e+06
5772 1.243176268025e+06
5776 1.243177369005e+06
5780 1.243178469987e+06
5784 1.243179570970e+06
5788 1.243180671956e+06
5792 1.243181772944e+06
5796 1.243182873933e+06
5800 1.243183974925e+06
5804 1.243185075918e+06
5808 1.243186176914e+06
5812 1.243187277911e+06
5816 1.243188378910e+06
5820 1.243189479912e+06
5824 1.243190580915e+06
5828 1.243191681920e+06
5832 1.243192782927e+06
5836 1.243193883936e+06
5840 1.243194984947e+06
5844 1.243196085960e+06
5848 1.243197186974e+06
5852 1.243198287991e+06
5856 1.243199389010e+06
5860 1.243200490030e+06
5864 1.243201591053e+06
5868 1.243202692077e+06
5872 1.243203793104e+06
5876 1.243204894132e+06
5880 1.243205995162e+06
5884 1.243207096195e+06
5888 1.243208197229e+06
5892 1.243209298265e+06
5896 1.243210399303e+06
5900 1.243211500343e+06
5904 1.243212601385e+06
5908 1.243213702429e+06
5912 1.243214803474e+06
5916 1.243215904522e+06
5920 1.243217005572e+06
5924 1.243218106623e+06
5928 1.243219207677e+06
5932 1.243220308732e+06
5936 1.243221409790e+06
5940 1.243222510849e+06
5944 1.243223611910e+06
5948 1.243224712973e+06
5952 1.243225814039e+06
5956 1.243226915106e+06
5960 1.243228016175e+06
5964 1.243229117246e+06
5968 1.243230218319e+06
5972 1.243231319393e+06
5976 1.243232420470e+06
5980 1.243233521549e+06
5984 1.243234622629e+06
5988 1.243235723712e+06
5992 1.243236824797e+06
5996 1.243237925883e+06
6000 1.243239026971e+06
6004 1.243240128062e+06
6008 1.243241229154e+06
6012 1.243242330248e+06
6016 1.243243431344e+06
6020 1.243244532442e+06
6024 1.243245633542e+06
6028 1.243246734644e+06
6032 1.243247835748e+06
6036 1.243248936854e+06
6040 1.243250037962e+06
6044 1.243251139072e+06
6048 1.243252240183e+06
6052 1.243253341297e+06
6056 1.243254442412e+06
6060 1.243255543530e+06
6064 1.243256644649e+06
6068 1.243257745771e+06
6072 1.243258846894e+06
6076 1.243259948019e+06
6080 1.243261049146e+06
6084 1.243262150275e+06
6088 1.243263251406e+06
6092 1.243264352539e+06
6096 1.243265453674e+06
6100 1.243266554811e+06
6104 1.243267655950e+06
6108 1.243268757090e+06
6112 1.243269858233e+06
6116 1.243270959378e+06
6120 1.243272060524e+06
6124 1.243273161673e+06
6128 1.243274262823e+06
6132 1.243275363975e+06
6136 1.243276465130e+06
6140 1.243277566286e+06
6144 1.243278667444e+06
6148 1.243279768604e+06
6152 1.243280869766e+06
6156 1.243281970930e+06
6160 1.243283072096e+06
6164 1.243284173264e+06
6168 1.243285274433e+06
6172 1.243286375605e+06
6176 1.243287476779e+06
6180 1.243288577954e+06
6184 1.243289679132e+06
6188 1.243290780311e+06
6192 1.243291881493e+06
6196 1.243292982676e+06
6200 1.243294083861e+06
6204 1.243295185049e+06
6208 1.243296286238e+06
6212 1.243297387429e+06
6216 1.243298488622e+06
6220 1.243299589817e+06
6224 1.243300691014e+06
6228 1.243301792213e+06
6232 1.243302893413e+06
6236 1.243303994616e+06
6240 1.243305095821e+06
6244 1.243306197027e+06
6248 1.243307298236e+06
6252 1.243308399446e+06
6256 1.243309500659e+06
6260 1.243310601873e+06
6264 1.243311703089e+06
6268 1.243312804307e+06
6272 1.243313905528e+06
6276 1.243315006750e+06
6280 1.243316107974e+06
6284 1.243317209200e+06
6288 1.243318310428e+06
6292 1.243319411657e+06
6296 1.243320512889e+06
6300 1.243321614123e+06
6304 1.243322715359e+06
6308 1.243323816596e+06
6312 1.243324917836e+06
6316 1.243326019077e+06
6320 1.243327120320e+06
6324 1.243328221566e+06
6328 1.243329322813e+06
6332 1.243330424062e+06
6336 1.243331525313e+06
6340 1.243332626567e+06
6344 1.243333727822e+06
6348 1.243334829079e+06
6352 1.243335930337e+06
6356 1.243337031598e+06
6360 1.243338132861e+06
6364 1.243339234126e+06
6368 1.243340335392e+06
6372 1.243341436661e+06
6376 1.243342537932e+06
6380 1.243343639204e+06
6384 1.243344740478e+06
6388 1.243345841755e+06
6392 1.243346943033e+06
6396 1.243348044313e+06
6400 1.243349145595e+06
6404 1.243350246880e+06
6408 1.243351348166e+06
6412 1.243352449454e+06
6416 1.243353550743e+06
6420 1.243354652035e+06
6424 1.243355753329e+06
6428 1.243356854625e+06
6432 1.243357955922e+06
6436 1.243359057222e+06
6440 1.243360158524e+06
6444 1.243361259827e+06
6448 1.243362361133e+06
6452 1.243363462440e+06
6456 1.243364563749e+06
6460 1.243365665060e+06
6464 1.243366766374e+06
6468 1.243367867689e+06
6472 1.243368969006e+06
6476 1.243370070325e+06
6480 1.243371171646e+06
6484 1.243372272968e+06
6488 1.243373374293e+06
6492 1.243374475620e+06
6496 1.243375576949e+06
6500 1.243376678279e+06
6504 1.243377779612e+06
6508 1.243378880946e+06
6512 1.243379982283e+06
6516 1.243381083621e+06
6520 1.243382184961e+06
6524 1.243383286304e+06
6528 1.243384387648e+06
6532 1.243385488994e+06
6536 1.243386590342e+06
6540 1.243387691692e+06
6544 1.243388793044e+06
6548 1.243389894398e+06
6552 1.243390995753e+06
6556 1.243392097111e+06
6560 1.243393198471e+06
6564 1.243394299833e+06
6568 1.243395401196e+06
6572 1.243396502562e+06
6576 1.243397603929e+06
6580 1.243398705298e+06
6584 1.243399806670e+06
6588 1.243400908043e+06
6592 1.243402009418e+06
6596 1.243403110795e+06
6600 1.243404212174e+06
6604 1.243405313555e+06
6608 1.243406414938e+06
6612 1.243407516323e+06
6616 1.243408617710e+06
6620 1.243409719099e+06
6624 1.243410820489e+06
6628 1.243411921882e+06
6632 1.243413023277e+06
6636 1.243414124673e+06
6640 1.243415226071e+06
6644 1.243416327472e+06
6648 1.243417428874e+06
6652 1.243418530278e+06
6656 1.243419631685e+06
6660 1.243420733093e+06
6664 1.243421834503e+06
6668 1.243422935915e+06
6672 1.243424037329e+06
6676 1.243425138745e+06
6680 1.243426240162e+06
6684 1.243427341582e+06
6688 1.243428443004e+06
6692 1.243429544428e+06
6696 1.243430645853e+06
6700 1.243431747281e+06
6704 1.243432848710e+06
6708 1.243433950141e+06
6712 1.243435051575e+06
6716 1.243436153010e+06
6720 1.243437254447e+06
6724 1.243438355886e+06
6728 1.243439457328e+06
6732 1.243440558771e+06
6736 1.243441660216e+06
6740 1.243442761662e+06
6744 1.243443863111e+06
6748 1.243444964562e+06
6752 1.243446066015e+06
6756 1.243447167469e+06
6760 1.243448268926e+06
6764 1.243449370384e+06
6768 1.243450471845e+06
6772 1.243451573307e+06
6776 1.243452674772e+06
6780 1.243453776238e+06
6784 1.243454877706e+06
6788 1.243455979176e+06
6792 1.243457080648e+06
6796 1.243458182122e+06
6800 1.243459283598e+06
6804 1.243460385076e+06
6808 1.243461486556e+06
6812 1.243462588038e+06
6816 1.243463689522e+06
6820 1.243464791007e+06
6824 1.243465892495e+06
6828 1.243466993985e+06
6832 1.243468095476e+06
6836 1.243469196969e+06
6840 1.243470298465e+06
6844 1.243471399962e+06
6848 1.243472501461e+06
6852 1.243473602963e+06
6856 1.243474704466e+06
6860 1.243475805971e+06
6864 1.243476907478e+06
6868 1.243478008987e+06
6872 1.243479110497e+06
6876 1.243480212010e+06
6880 1.243481313525e+06
6884 1.243482415042e+06
6888 1.243483516560e+06
6892 1.243484618081e+06
6896 1.243485719603e+06
6900 1.243486821128e+06
6904 1.243487922654e+06
6908 1.243489024182e+06
6912 1.243490125713e+06
6916 1.243491227245e+06
6920 1.243492328779e+06
6924 1.243493430315e+06
6928 1.243494531853e+06
6932 1.243495633393e+06
6936 1.243496734935e+06
6940 1.243497836479e+06
6944 1.243498938025e+06
6948 1.243500039572e+06
6952 1.243501141122e+06
6956 1.243502242673e+06
6960 1.243503344227e+06
6964 1.243504445782e+06
6968 1.243505547340e+06
6972 1.243506648899e+06
6976 1.243507750460e+06
6980 1.243508852024e+06
6984 1.243509953589e+06
6988 1.243511055156e+06
6992 1.243512156725e+06
6996 1.243513258296e+06
7000 1.243514359869e+06
7004 1.243515461444e+06
7008 1.243516563020e+06
7012 1.243517664599e+06
7016 1.243518766180e+06
7020 1.243519867762e+06
7024 1.243520969347e+06
7028 1.243522070933e+06
7032 1.243523172522e+06
7036 1.243524274112e+06
7040 1.243525375704e+06
7044 1.243526477299e+06
7048 1.243527578895e+06
7052 1.243528680493e+06
7056 1.243529782093e+06
7060 1.243530883695e+06
7064 1.243531985299e+06
7068 1.243533086905e+06
7072 1.243534188512e+06
7076 1.243535290122e+06
7080 1.243536391734e+06
7084 1.243537493347e+06
7088 1.243538594963e+06
7092 1.243539696580e+06
7096 1.243540798200e+06
7100 1.243541899821e+06
7104 1.243543001445e+06
7108 1.243544103070e+06
7112 1.243545204697e+06
7116 1.243546306326e+06
7120 1.243547407957e+06
7124 1.243548509590e+06
7128 1.243549611225e+06
7132 1.243550712862e+06
7136 1.243551814501e+06
7140 1.243552916142e+06
7144 1.243554017784e+06
7148 1.243555119429e+06
7152 1.243556221075e+06
7156 1.243557322724e+06
7160 1.243558424374e+06
7164 1.243559526027e+06
7168 1.243560627681e+06
7172 1.243561729337e+06
7176 1.243562830996e+06
7180 1.243563932656e+06
7184 1.243565034318e+06
7188 1.243566135982e+06
7192 1.243567237648e+06
7196 1.243568339316e+06
7200 1.243569440986e+06
7204 1.243570542657e+06
7208 1.243571644331e+06
7212 1.243572746007e+06
7216 1.243573847684e+06
7220 1.243574949364e+06
7224 1.243576051045e+06
7228 1.243577152729e+06
7232 1.243578254414e+06
7236 1.243579356101e+06
7240 1.243580457791e+06
7244 1.243581559482e+06
7248 1.243582661175e+06
7252 1.243583762870e+06
7256 1.243584864567e+06
7260 1.243585966266e+06
7264 1.243587067967e+06
7268 1.243588169669e+06
7272 1.243589271374e+06
7276 1.243590373081e+06
7280 1.243591474790e+06
7284 1.243592576500e+06
7288 1.243593678213e+06
7292 1.243594779927e+06
7296 1.243595881643e+06
7300 1.243596983362e+06
7304 1.243598085082e+06
7308 1.243599186804e+06
7312 1.243600288528e+06
7316 1.243601390254e+06
7320 1.243602491982e+06
7324 1.243603593712e+06
7328 1.243604695444e+06
7332 1.243605797178e+06
7336 1.243606898914e+06
7340 1.243608000651e+06
7344 1.243609102391e+06
7348 1.243610204133e+06
7352 1.243611305876e+06
7356 1.243612407622e+06
7360 1.243613509369e+06
7364 1.243614611118e+06
7368 1.243615712870e+06
7372 1.243616814623e+06
7376 1.243617916378e+06
7380 1.243619018135e+06
7384 1.243620119894e+06
7388 1.243621221655e+06
7392 1.243622323418e+06
7396 1.243623425183e+06
7400 1.243624526950e+06
7404 1.243625628718e+06
7408 1.243626730489e+06
7412 1.243627832262e+06
7416 1.243628934036e+06
7420 1.243630035813e+06
7424 1.243631137591e+06
7428 1.243632239372e+06
7432 1.243633341154e+06
7436 1.243634442938e+06
7440 1.243635544724e+06
7444 1.243636646512e+06
7448 1.243637748302e+06
7452 1.243638850094e+06
7456 1.243639951888e+06
7460 1.243641053684e+06
7464 1.243642155482e+06
7468 1.243643257282e+06
7472 1.243644359084e+06
7476 1.243645460887e+06
7480 1.243646562693e+06
7484 1.243647664500e+06
7488 1.243648766310e+06
7492 1.243649868121e+06
7496 1.243650969934e+06
7500 1.243652071750e+06
7504 1.243653173567e+06
7508 1.243654275386e+06
7512 1.243655377207e+06
7516 1.243656479030e+06
7520 1.243657580855e+06
7524 1.243658682682e+06
7528 1.243659784511e+06
7532 1.243660886342e+06
7536 1.243661988174e+06
7540 1.243663090009e+06
7544 1.243664191846e+06
7548 1.243665293684e+06
7552 1.243666395525e+06
7556 1.243667497367e+06
7560 1.243668599212e+06
7564 1.243669701058e+06
7568 1.243670802906e+06
7572 1.243671904756e+06
7576 1.243673006608e+06
7580 1.243674108462e+06
7584 1.243675210318e+06
7588 1.243676312176e+06
7592 1.243677414036e+06
7596 1.243678515898e+06
7600 1.243679617762e+06
7604 1.243680719628e+06
7608 1.243681821495e+06
7612 1.243682923365e+06
7616 1.243684025236e+06
7620 1.243685127110e+06
7624 1.243686228985e+06
7628 1.243687330862e+06
7632 1.243688432742e+06
7636 1.243689534623e+06
7640 1.243690636506e+06
7644 1.243691738391e+06
7648 1.243692840278e+06
7652 1.243693942167e+06
7656 1.243695044058e+06
7660 1.243696145951e+06
7664 1.243697247846e+06
7668 1.243698349742e+06
7672 1.243699451641e+06
7676 1.243700553542e+06
7680 1.243701655444e+06
7684 1.243702757349e+06
7688 1.243703859255e+06
7692 1.243704961163e+06
7696 1.243706063074e+06
7700 1.243707164986e+06
7704 1.243708266900e+06
7708 1.243709368816e+06
7712 1.243710470734e+06
7716 1.243711572654e+06
7720 1.243712674576e+06
7724 1.243713776500e+06
7728 1.243714878426e+06
7732 1.243715980354e+06
7736 1.243717082284e+06
7740 1.243718184215e+06
7744 1.243719286149e+06
7748 1.243720388084e+06
7752 1.243721490022e+06
7756 1.243722591961e+06
7760 1.243723693902e+06
7764 1.243724795846e+06
7768 1.243725897791e+06
7772 1.243726999738e+06
7776 1.243728101687e+06
7780 1.243729203638e+06
7784 1.243730305591e+06
7788 1.243731407546e+06
7792 1.243732509503e+06
7796 1.243733611462e+06
7800 1.243734713422e+06
7804 1.243735815385e+06
7808 1.243736917350e+06
7812 1.243738019316e+06
7816 1.243739121285e+06
7820 1.243740223255e+06
7824 1.243741325228e+06
7828 1.243742427202e+06
7832 1.243743529178e+06
7836 1.243744631156e+06
7840 1.243745733136e+06
7844 1.243746835119e+06
7848 1.243747937103e+06
7852 1.243749039089e+06
7856 1.243750141076e+06
7860 1.243751243066e+06
7864 1.243752345058e+06
7868 1.243753447052e+06
7872 1.243754549047e+06
7876 1.243755651045e+06
7880 1.243756753044e+06
7884 1.243757855046e+06
7888 1.243758957049e+06
7892 1.243760059055e+06
7896 1.243761161062e+06
7900 1.243762263071e+06
7904 1.243763365082e+06
7908 1.243764467095e+06
7912 1.243765569111e+06
7916 1.243766671128e+06
7920 1.243767773146e+06
7924 1.243768875167e+06
7928 1.243769977190e+06
7932 1.243771079215e+06
7936 1.243772181242e+06
7940 1.243773283270e+06
7944 1.243774385301e+06
7948 1.243775487333e+06
7952 1.243776589368e+06
7956 1.243777691404e+06
7960 1.243778793442e+06
7964 1.243779895483e+06
7968 1.243780997525e+06
7972 1.243782099569e+06
7976 1.243783201615e+06
7980 1.243784303663e+06
7984 1.243785405713e+06
7988 1.243786507765e+06
7992 1.243787609819e+06
7996 1.243788711875e+06
8000 1.243789813932e+06
8004 1.243790915992e+06
8008 1.243792018054e+06
8012 1.243793120117e+06
8016 1.243794222183e+06
8020 1.243795324250e+06
8024 1.243796426319e+06
8028 1.243797528391e+06
8032 1.243798630464e+06
8036 1.243799732539e+06
8040 1.243800834616e+06
8044 1.243801936695e+06
8048 1.243803038776e+06
8052 1.243804140859e+06
8056 1.243805242944e+06
8060 1.243806345031e+06
8064 1.243807447120e+06
8068 1.243808549210e+06
8072 1.243809651303e+06
8076 1.243810753398e+06
8080 1.243811855494e+06
8084 1.243812957593e+06
8088 1.243814059693e+06
8092 1.243815161795e+06
8096 1.243816263900e+06
8100 1.243817366006e+06
8104 1.243818468114e+06
8108 1.243819570224e+06
8112 1.243820672336e+06
8116 1.243821774450e+06
8120 1.243822876566e+06
8124 1.243823978684e+06
8128 1.243825080804e+06
8132 1.243826182926e+06
8136 1.243827285049e+06
8140 1.243828387175e+06
8144 1.243829489302e+06
8148 1.243830591432e+06
8152 1.243831693563e+06
8156 1.243832795697e+06
8160 1.243833897832e+06
8164 1.243834999969e+06
8168 1.243836102109e+06
8172 1.243837204250e+06
8176 1.243838306393e+06
8180 1.243839408538e+06
8184 1.243840510685e+06
8188 1.243841612834e+06
8192 1.243842714985e+06
8196 1.243843817137e+06
8200 1.243844919292e+06
8204 1.243846021449e+06
8208 1.243847123607e+06
8212 1.243848225768e+06
8216 1.243849327930e+06
8220 1.243850430095e+06
8224 1.243851532261e+06
8228 1.243852634429e+06
8232 1.243853736600e+06
8236 1.243854838772e+06
8240 1.243855940946e+06
8244 1.243857043122e+06
8248 1.243858145300e+06
8252 1.243859247480e+06
8256 1.243860349662e+06
8260 1.243861451846e+06
8264 1.243862554032e+06
8268 1.243863656219e+06
8272 1.243864758409e+06
8276 1.243865860601e+06
8280 1.243866962794e+06
8284 1.243868064990e+06
8288 1.243869167187e+06
8292 1.243870269386e+06
8296 1.243871371588e+06
8300 1.243872473791e+06
8304 1.243873575996e+06
8308 1.243874678203e+06
8312 1.243875780412e+06
8316 1.243876882623e+06
8320 1.243877984836e+06
8324 1.243879087051e+06
8328 1.243880189268e+06
8332 1.243881291487e+06
8336 1.243882393707e+06
8340 1.243883495930e+06
8344 1.243884598154e+06
8348 1.243885700381e+06
8352 1.243886802609e+06
8356 1.243887904840e+06
8360 1.243889007072e+06
8364 1.243890109306e+06
8368 1.243891211543e+06
8372 1.243892313781e+06
8376 1.243893416021e+06
8380 1.243894518263e+06
8384 1.243895620507e+06
8388 1.243896722753e+06
8392 1.243897825001e+06
8396 1.243898927250e+06
8400 1.243900029502e+06
8404 1.243901131756e+06
8408 1.243902234012e+06
8412 1.243903336269e+06
8416 1.243904438529e+06
8420 1.243905540790e+06
8424 1.243906643053e+06
8428 1.243907745319e+06
8432 1.243908847586e+06
8436 1.243909949855e+06
8440 1.243911052126e+06
8444 1.243912154399e+06
8448 1.243913256675e+06
8452 1.243914358951e+06
8456 1.243915461230e+06
8460 1.243916563511e+06
8464 1.243917665794e+06
8468 1.243918768079e+06
8472 1.243919870365e+06
8476 1.243920972654e+06
8480 1.243922074945e+06
8484 1.243923177237e+06
8488 1.243924279532e+06
8492 1.243925381828e+06
8496 1.243926484126e+06
8500 1.243927586426e+06
8504 1.243928688729e+06
8508 1.243929791033e+06
8512 1.243930893339e+06
8516 1.243931995647e+06
8520 1.243933097957e+06
8524 1.243934200269e+06
8528 1.243935302583e+06
8532 1.243936404898e+06
8536 1.243937507216e+06
8540 1.243938609536e+06
8544 1.243939711857e+06
8548 1.243940814181e+06
8552 1.243941916506e+06
8556 1.243943018834e+06
8560 1.243944121163e+06
8564 1.243945223494e+06
8568 1.243946325828e+06
8572 1.243947428163e+06
8576 1.243948530500e+06
8580 1.243949632839e+06
8584 1.243950735180e+06
8588 1.243951837523e+06
8592 1.243952939868e+06
8596 1.243954042215e+06
8600 1.243955144564e+06
8604 1.243956246914e+06
8608 1.243957349267e+06
8612 1.243958451621e+06
8616 1.243959553978e+06
8620 1.243960656337e+06
8624 1.243961758697e+06
8628 1.243962861059e+06
8632 1.243963963424e+06
8636 1.243965065790e+06
8640 1.243966168158e+06
8644 1.243967270528e+06
8648 1.243968372900e+06
8652 1.243969475274e+06
8656 1.243970577650e+06
8660 1.243971680028e+06
8664 1.243972782408e+06
8668 1.243973884790e+06
8672 1.243974987173e+06
8676 1.243976089559e+06
8680 1.243977191947e+06
8684 1.243978294336e+06
8688 1.243979396728e+06
8692 1.243980499121e+06
8696 1.243981601516e+06
8700 1.243982703914e+06
8704 1.243983806313e+06
8708 1.243984908714e+06
8712 1.243986011117e+06
8716 1.243987113522e+06
8720 1.243988215929e+06
8724 1.243989318338e+06
8728 1.243990420749e+06
8732 1.243991523162e+06
8736 1.243992625577e+06
8740 1.243993727993e+06
8744 1.243994830412e+06
8748 1.243995932832e+06
8752 1.243997035255e+06
8756 1.243998137679e+06
8760 1.243999240106e+06
8764 1.244000342534e+06
8768 1.244001444964e+06
8772 1.244002547397e+06
8776 1.244003649831e+06
8780 1.244004752267e+06
8784 1.244005854705e+06
8788 1.244006957145e+06
8792 1.244008059587e+06
8796 1.244009162031e+06
8800 1.244010264477e+06
8804 1.244011366924e+06
8808 1.244012469374e+06
8812 1.244013571826e+06
8816 1.244014674279e+06
8820 1.244015776735e+06
8824 1.244016879192e+06
8828 1.244017981652e+06
8832 1.244019084113e+06
8836 1.244020186576e+06
8840 1.244021289041e+06
8844 1.244022391509e+06
8848 1.244023493978e+06
8852 1.244024596449e+06
8856 1.244025698922e+06
8860 1.244026801397e+06
8864 1.244027903874e+06
8868 1.244029006352e+06
8872 1.244030108833e+06
8876 1.244031211316e+06
8880 1.244032313800e+06
8884 1.244033416287e+06
8888 1.244034518776e+06
8892 1.244035621266e+06
8896 1.244036723758e+06
8900 1.244037826253e+06
8904 1.244038928749e+06
8908 1.244040031247e+06
8912 1.244041133747e+06
8916 1.244042236249e+06
8920 1.244043338754e+06
8924 1.244044441260e+06
8928 1.244045543767e+06
8932 1.244046646277e+06
8936 1.244047748789e+06
8940 1.244048851303e+06
8944 1.244049953819e+06
8948 1.244051056336e+06
8952 1.244052158856e+06
8956 1.244053261377e+06
8960 1.244054363901e+06
8964 1.244055466426e+06
8968 1.244056568953e+06
8972 1.244057671483e+06
8976 1.244058774014e+06
8980 1.244059876547e+06
8984 1.244060979082e+06
8988 1.244062081619e+06
8992 1.244063184158e+06
8996 1.244064286699e+06
9000 1.244065389242e+06
9004 1.244066491787e+06
9008 1.244067594334e+06
9012 1.244068696882e+06
9016 1.244069799433e+06
9020 1.244070901986e+06
9024 1.244072004540e+06
9028 1.244073107096e+06
9032 1.244074209655e+06
9036 1.244075312215e+06
9040 1.244076414777e+06
9044 1.244077517342e+06
9048 1.244078619908e+06
9052 1.244079722476e+06
9056 1.244080825046e+06
9060 1.244081927618e+06
9064 1.244083030192e+06
9068 1.244084132768e+06
9072 1.244085235346e+06
9076 1.244086337925e+06
9080 1.244087440507e+06
9084 1.244088543091e+06
9088 1.244089645676e+06
9092 1.244090748264e+06
9096 1.244091850853e+06
9100 1.244092953445e+06
9104 1.244094056038e+06
9108 1.244095158633e+06
9112 1.244096261230e+06
9116 1.244097363830e+06
9120 1.244098466431e+06
9124 1.244099569034e+06
9128 1.244100671639e+06
9132 1.244101774246e+06
9136 1.244102876855e+06
9140 1.244103979465e+06
9144 1.244105082078e+06
9148 1.244106184693e+06
9152 1.244107287309e+06
9156 1.244108389928e+06
9160 1.244109492549e+06
9164 1.244110595171e+06
9168 1.244111697795e+06
9172 1.244112800422e+06
9176 1.244113903050e+06
9180 1.244115005680e+06
9184 1.244116108312e+06
9188 1.244117210947e+06
9192 1.244118313583e+06
9196 1.244119416221e+06
9200 1.244120518861e+06
9204 1.244121621502e+06
9208 1.244122724146e+06
9212 1.244123826792e+06
9216 1.244124929440e+06
9220 1.244126032089e+06
9224 1.244127134741e+06
9228 1.244128237394e+06
9232 1.244129340050e+06
9236 1.244130442707e+06
9240 1.244131545367e+06
9244 1.244132648028e+06
9248 1.244133750691e+06
9252 1.244134853356e+06
9256 1.244135956023e+06
9260 1.244137058693e+06
9264 1.244138161364e+06
9268 1.244139264036e+06
9272 1.244140366711e+06
9276 1.244141469388e+06
9280 1.244142572067e+06
9284 1.244143674748e+06
9288 1.244144777430e+06
9292 1.244145880115e+06
9296 1.244146982801e+06
9300 1.244148085490e+06
9304 1.244149188180e+06
9308 1.244150290873e+06
9312 1.244151393567e+06
9316 1.244152496263e+06
9320 1.244153598961e+06
9324 1.244154701661e+06
9328 1.244155804364e+06
9332 1.244156907068e+06
9336 1.244158009773e+06
9340 1.244159112481e+06
9344 1.244160215191e+06
9348 1.244161317903e+06
9352 1.244162420617e+06
9356 1.244163523332e+06
9360 1.244164626050e+06
9364 1.244165728769e+06
9368 1.244166831491e+06
9372 1.244167934214e+06
9376 1.244169036940e+06
9380 1.244170139667e+06
9384 1.244171242396e+06
9388 1.244172345127e+06
9392 1.244173447861e+06
9396 1.244174550596e+06
9400 1.244175653333e+06
9404 1.244176756072e+06
9408 1.244177858813e+06
9412 1.244178961555e+06
9416 1.244180064300e+06
9420 1.244181167047e+06
9424 1.244182269796e+06
9428 1.244183372546e+06
9432 1.244184475299e+06
9436 1.244185578053e+06
9440 1.244186680810e+06
9444 1.244187783568e+06
9448 1.244188886328e+06
9452 1.244189989091e+06
9456 1.244191091855e+06
9460 1.244192194621e+06
9464 1.244193297389e+06
9468 1.244194400159e+06
9472 1.244195502931e+06
9476 1.244196605705e+06
9480 1.244197708481e+06
9484 1.244198811258e+06
9488 1.244199914038e+06
9492 1.244201016820e+06
9496 1.244202119604e+06
9500 1.244203222389e+06
9504 1.244204325177e+06
9508 1.244205427966e+06
9512 1.244206530757e+06
9516 1.244207633551e+06
9520 1.244208736346e+06
9524 1.244209839143e+06
9528 1.244210941942e+06
9532 1.244212044743e+06
9536 1.244213147546e+06
9540 1.244214250351e+06
9544 1.244215353158e+06
9548 1.244216455967e+06
9552 1.244217558778e+06
9556 1.244218661591e+06
9560 1.244219764405e+06
9564 1.244220867222e+06
9568 1.244221970041e+06
9572 1.244223072861e+06
9576 1.244224175684e+06
9580 1.244225278508e+06
9584 1.244226381334e+06
9588 1.244227484163e+06
9592 1.244228586993e+06
9596 1.244229689825e+06
9600 1.244230792659e+06
9604 1.244231895495e+06
9608 1.244232998333e+06
9612 1.244234101173e+06
9616 1.244235204015e+06
9620 1.244236306859e+06
9624 1.244237409705e+06
9628 1.244238512552e+06
9632 1.244239615402e+06
9636 1.244240718253e+06
9640 1.244241821107e+06
9644 1.244242923962e+06
9648 1.244244026820e+06
9652 1.244245129679e+06
9656 1.244246232541e+06
9660 1.244247335404e+06
9664 1.244248438269e+06
9668 1.244249541136e+06
9672 1.244250644005e+06
9676 1.244251746876e+06
9680 1.244252849749e+06
9684 1.244253952624e+06
9688 1.244255055501e+06
9692 1.244256158380e+06
9696 1.244257261260e+06
9700 1.244258364143e+06
9704 1.244259467028e+06
9708 1.244260569914e+06
9712 1.244261672803e+06
9716 1.244262775693e+06
9720 1.244263878585e+06
9724 1.244264981480e+06
9728 1.244266084376e+06
9732 1.244267187274e+06
9736 1.244268290174e+06
9740 1.244269393076e+06
9744 1.244270495980e+06
9748 1.244271598886e+06
9752 1.244272701794e+06
9756 1.244273804704e+06
9760 1.244274907616e+06
9764 1.244276010530e+06
9768 1.244277113445e+06
9772 1.244278216363e+06
9776 1.244279319282e+06
9780 1.244280422204e+06
9784 1.244281525127e+06
9788 1.244282628053e+06
9792 1.244283730980e+06
9796 1.244284833909e+06
9800 1.244285936841e+06
9804 1.244287039774e+06
9808 1.244288142709e+06
9812 1.244289245646e+06
9816 1.244290348585e+06
9820 1.244291451526e+06
9824 1.244292554469e+06
9828 1.244293657413e+06
9832 1.244294760360e+06
9836 1.244295863309e+06
9840 1.244296966259e+06
9844 1.244298069212e+06
9848 1.244299172167e+06
9852 1.244300275123e+06
9856 1.244301378081e+06
9860 1.244302481042e+06
9864 1.244303584004e+06
9868 1.244304686968e+06
9872 1.244305789934e+06
9876 1.244306892903e+06
9880 1.244307995873e+06
9884 1.244309098845e+06
9888 1.244310201819e+06
9892 1.244311304794e+06
9896 1.244312407772e+06
9900 1.244313510752e+06
9904 1.244314613734e+06
9908 1.244315716717e+06
9912 1.244316819703e+06
9916 1.244317922691e+06
9920 1.244319025680e+06
9924 1.244320128671e+06
9928 1.244321231665e+06
9932 1.244322334660e+06
9936 1.244323437657e+06
9940 1.244324540657e+06
9944 1.244325643658e+06
9948 1.244326746661e+06
9952 1.244327849666e+06
9956 1.244328952673e+06
9960 1.244330055682e+06
9964 1.244331158692e+06
9968 1.244332261705e+06
9972 1.244333364720e+06
9976 1.244334467737e+06
9980 1.244335570755e+06
9984 1.244336673776e+06
9988 1.244337776798e+06
9992 1.244338879823e+06
9996 1.244339982849e+06
