0 1.000000000000e+00
6 6.081658446048e-03
12 4.193505251406e+02
18 1.752206651677e+01
24 1.033317858919e+01
30 8.689585730718e+00
36 6.516939538529e+00
42 2.081290991273e+03
48 5.624998088916e+02
54 2.511969106595e+02
60 1.651524647336e+02
66 1.254330842750e+02
72 1.029581510833e+02
78 8.879199780893e+01
84 7.927641265996e+01
90 7.263419900724e+01
96 6.789373491564e+01
102 6.447217182402e+01
108 6.198916827067e+01
114 6.017440078721e+01
120 5.881892465472e+01
126 5.775142497560e+01
132 5.683233183711e+01
138 5.596030748645e+01
144 5.507970546815e+01
150 5.417521214038e+01
156 5.325336850238e+01
162 5.232524177908e+01
168 5.139895510060e+01
174 5.047904938968e+01
180 4.956774839986e+01
186 4.866605819379e+01
192 4.777440139476e+01
198 4.689293359094e+01
204 4.602169123850e+01
210 4.516065854376e+01
216 4.430979711991e+01
222 4.346905895655e+01
228 4.263839202692e+01
234 4.181774268643e+01
240 4.100705668780e+01
246 4.020627960581e+01
252 3.941535701274e+01
258 3.863423454958e+01
264 3.786285795405e+01
270 3.710117307102e+01
276 3.634912585570e+01
282 3.560666237401e+01
288 3.487372880166e+01
294 3.415027142289e+01
300 3.343623662891e+01
306 3.273157091622e+01
312 3.203622088487e+01
318 3.135013323670e+01
324 3.067325477346e+01
330 3.000553239490e+01
336 2.934691309679e+01
342 2.869734396888e+01
348 2.805677219277e+01
354 2.742514503976e+01
360 2.680240986855e+01
366 2.618851412295e+01
372 2.558340532941e+01
378 2.498703109451e+01
384 2.439933910241e+01
390 2.382027711206e+01
396 2.324979295449e+01
402 2.268783452982e+01
408 2.213434980425e+01
414 2.158928680693e+01
420 2.105259362667e+01
426 2.052421840850e+01
432 2.000410935016e+01
438 1.949221469835e+01
444 1.898848274488e+01
450 1.849286182265e+01
456 1.800530030139e+01
462 1.752574658331e+01
468 1.705414909848e+01
474 1.659045630001e+01
480 1.613461665900e+01
486 1.568657865932e+01
492 1.524629079203e+01
498 1.481370154960e+01
504 1.438875941990e+01
510 1.397141287972e+01
516 1.356161038819e+01
522 1.315930037970e+01
528 1.276443125651e+01
534 1.237695138103e+01
540 1.199680906763e+01
546 1.162395257404e+01
552 1.125833009233e+01
558 1.089988973938e+01
564 1.054857954679e+01
570 1.020434745036e+01
576 9.867141278864e+00
582 9.536908742302e+00
588 9.213597419426e+00
594 8.897154744613e+00
600 8.587527993976e+00
606 8.284664270689e+00
612 7.988510489467e+00
618 7.699013360157e+00
624 7.416119370373e+00
630 7.139774767129e+00
636 6.869925537382e+00
642 6.606517387449e+00
648 6.349495721201e+00
654 6.098805616969e+00
660 5.854391803086e+00
666 5.616198631977e+00
672 5.384170052714e+00
678 5.158249581942e+00
684 4.938380273085e+00
690 4.724504683733e+00
696 4.516564841114e+00
702 4.314502205543e+00
708 4.118257631749e+00
714 3.927771327978e+00
720 3.742982812756e+00
726 3.563830869229e+00
732 3.390253496971e+00
738 3.222187861171e+00
744 3.059570239118e+00
750 2.902335963917e+00
756 2.750419365379e+00
762 2.603753708059e+00
768 2.462271126423e+00
774 2.325902557193e+00
780 2.194577668913e+00
786 2.068224788871e+00
792 1.946770827544e+00
798 1.830141200809e+00
804 1.718259750250e+00
810 1.611048661980e+00
816 1.508428384518e+00
822 1.410317546373e+00
828 1.316632874140e+00
834 1.227289112089e+00
840 1.142198944378e+00
846 1.061272921246e+00
852 9.844193907502e-01
858 9.115444378290e-01
864 8.425518327250e-01
870 7.773429910330e-01
876 7.158169478797e-01
882 6.578703489603e-01
888 6.033974613519e-01
894 5.522902071716e-01
900 5.044382232345e-01
906 4.597289498676e-01
912 4.180477519339e-01
918 3.792780748886e-01
924 3.433016383028e-01
930 3.099986687442e-01
936 2.792481731577e-01
942 2.509282529801e-01
948 2.249164580962e-01
954 2.010901785205e-01
960 1.793270702156e-01
966 1.595055101845e-01
972 1.415050741096e-01
978 1.252070293733e-01
984 1.104948328906e-01
990 9.725462763562e-02
996 8.537571772548e-02
1002 7.475103632739e-02
1008 6.527753007054e-02
1014 5.685662948976e-02
1020 4.939430076369e-02
1026 4.280207939301e-02
1032 3.699500943565e-02
1038 3.189850589713e-02
1044 2.742796557394e-02
1050 2.355200513495e-02
1056 2.009308375988e-02
1062 1.736106847286e-02
1068 1.410430496595e-02
1074 1.315047901982e-02
1080 9.119613229531e-02
1086 2.574340069211e-01
1092 1.293718739166e+00
1098 9.955033675454e-02
1104 5.614295261840e-02
1110 4.780798977444e-02
1116 2.828271981876e-02
1122 2.068952244319e-02
1128 6.676857864660e-02
1134 3.336899016287e-01
1140 6.627459538205e-02
1146 4.853224885759e-02
1152 2.116809551651e-01
1158 5.502922208639e-01
1164 5.899420502003e-02
1170 4.714617602333e-01
1176 2.229532624532e-02
1182 5.798832092019e-02
1188 2.574785729186e-03
1194 2.894715423358e-03
1200 3.735181134651e-03
1206 1.443629954914e-03
1212 1.086012868347e-02
1218 1.321603469282e-02
1224 1.628964421906e-02
1230 2.051338534677e-02
1236 2.684380648068e-02
1242 3.747882543386e-02
1248 5.905083081045e-02
1254 1.243154857515e-01
1260 1.229120008496e+00
1266 4.080605648410e+00
1272 3.279008522548e-01
1278 2.670920451674e-01
1284 1.077294056469e+00
1290 2.735712499803e+00
1296 3.568469222594e-01
1302 4.487020121940e-01
1308 3.913155088799e-01
1314 3.522618872997e-01
1320 3.247711692908e-01
1326 3.050325653354e-01
1332 2.906996603336e-01
1338 2.802016585557e-01
1344 2.723972419040e-01
1350 2.663984588698e-01
1356 2.614972424568e-01
1362 2.571595424726e-01
1368 2.530437885783e-01
1374 2.489891289528e-01
1380 2.449546820029e-01
1386 2.409488443806e-01
1392 2.369877674932e-01
1398 2.330825631769e-01
1404 2.292388766670e-01
1410 2.254589325335e-01
1416 2.217431552966e-01
1422 2.180910940092e-01
1428 2.145018926768e-01
1434 2.109745181878e-01
1440 2.075078682355e-01
1446 2.041008217464e-01
1452 2.007522621675e-01
1458 1.974610880218e-01
1464 1.942262175157e-01
1470 1.910465903718e-01
1476 1.879211683742e-01
1482 1.848489353205e-01
1488 1.818288967038e-01
1494 1.788600792786e-01
1500 1.759415305793e-01
1506 1.730723184249e-01
1512 1.702515304253e-01
1518 1.674782734955e-01
1524 1.647516733814e-01
1530 1.620708741975e-01
1536 1.594350379772e-01
1542 1.568433442358e-01
1548 1.542949895459e-01
1554 1.517891871244e-01
1560 1.493251664311e-01
1566 1.469021727791e-01
1572 1.445194669553e-01
1578 1.421763248520e-01
1584 1.398720371086e-01
1590 1.376059087626e-01
1596 1.353772589115e-01
1602 1.331854203821e-01
1608 1.310297394108e-01
1614 1.289095753307e-01
1620 1.268243002685e-01
1626 1.247732988490e-01
1632 1.227559679075e-01
1638 1.207717162097e-01
1644 1.188199641798e-01
1650 1.169001436348e-01
1656 1.150116975263e-01
1662 1.131540796894e-01
1668 1.113267545973e-01
1674 1.095291971231e-01
1680 1.077608923073e-01
1686 1.060213351317e-01
1692 1.043100302984e-01
1698 1.026264920154e-01
1704 1.009702437869e-01
1710 9.934081820967e-02
1716 9.773775677351e-02
1722 9.616060966788e-02
1728 9.460893559273e-02
1734 9.308230157426e-02
1740 9.158028278522e-02
1746 9.010246236974e-02
1752 8.864843127249e-02
1758 8.721778807197e-02
1764 8.581013881806e-02
1770 8.442509687336e-02
1776 8.306228275857e-02
1782 8.172132400154e-02
1788 8.040185499000e-02
1794 7.910351682783e-02
1800 7.782595719485e-02
1806 7.656883020990e-02
1812 7.533179629722e-02
1818 7.411452205601e-02
1824 7.291668013314e-02
1830 7.173794909875e-02
1836 7.057801332490e-02
1842 6.943656286703e-02
1848 6.831329334815e-02
1854 6.720790584580e-02
1860 6.612010678160e-02
1866 6.504960781340e-02
1872 6.399612572984e-02
1878 6.295938234741e-02
1884 6.193910440989e-02
1890 6.093502348997e-02
1896 5.994687589329e-02
1902 5.897440256447e-02
1908 5.801734899544e-02
1914 5.707546513571e-02
1920 5.614850530474e-02
1926 5.523622810623e-02
1932 5.433839634436e-02
1938 5.345477694186e-02
1944 5.258514085994e-02
1950 5.172926301997e-02
1956 5.088692222690e-02
1962 5.005790109433e-02
1968 4.924198597129e-02
1974 4.843896687059e-02
1980 4.764863739867e-02
1986 4.687079468713e-02
1992 4.610523932557e-02
1998 4.535177529598e-02
2004 4.461020990854e-02
2010 4.388035373880e-02
2016 4.316202056613e-02
2022 4.245502731360e-02
2028 4.175919398907e-02
2034 4.107434362754e-02
2040 4.040030223471e-02
2046 3.973689873179e-02
2052 3.908396490139e-02
2058 3.844133533460e-02
2064 3.780884737915e-02
2070 3.718634108871e-02
2076 3.657365917312e-02
2082 3.597064694981e-02
2088 3.537715229610e-02
2094 3.479302560255e-02
2100 3.421811972723e-02
2106 3.365228995099e-02
2112 3.309539393357e-02
2118 3.254729167065e-02
2124 3.200784545176e-02
2130 3.147691981907e-02
2136 3.095438152697e-02
2142 3.044009950249e-02
2148 2.993394480654e-02
2154 2.943579059588e-02
2160 2.894551208588e-02
2166 2.846298651402e-02
2172 2.798809310413e-02
2178 2.752071303129e-02
2184 2.706072938753e-02
2190 2.660802714805e-02
2196 2.616249313827e-02
2202 2.572401600143e-02
2208 2.529248616684e-02
2214 2.486779581876e-02
2220 2.444983886590e-02
2226 2.403851091150e-02
2232 2.363370922398e-02
2238 2.323533270818e-02
2244 2.284328187713e-02
2250 2.245745882442e-02
2256 2.207776719699e-02
2262 2.170411216860e-02
2268 2.133640041363e-02
2274 2.097454008155e-02
2280 2.061844077173e-02
2286 2.026801350883e-02
2292 1.992317071861e-02
2298 1.958382620421e-02
2304 1.924989512287e-02
2310 1.892129396308e-02
2316 1.859794052219e-02
2322 1.827975388441e-02
2328 1.796665439923e-02
2334 1.765856366022e-02
2340 1.735540448430e-02
2346 1.705710089128e-02
2352 1.676357808388e-02
2358 1.647476242804e-02
2364 1.619058143367e-02
2370 1.591096373569e-02
2376 1.563583907544e-02
2382 1.536513828244e-02
2388 1.509879325644e-02
2394 1.483673694991e-02
2400 1.457890335067e-02
2406 1.432522746499e-02
2412 1.407564530095e-02
2418 1.383009385204e-02
2424 1.358851108115e-02
2430 1.335083590475e-02
2436 1.311700817749e-02
2442 1.288696867688e-02
2448 1.266065908846e-02
2454 1.243802199105e-02
2460 1.221900084239e-02
2466 1.200353996496e-02
2472 1.179158453208e-02
2478 1.158308055425e-02
2484 1.137797486574e-02
2490 1.117621511142e-02
2496 1.097774973377e-02
2502 1.078252796019e-02
2508 1.059049979050e-02
2514 1.040161598461e-02
2520 1.021582805053e-02
2526 1.003308823244e-02
2532 9.853349499071e-03
2538 9.676565532234e-03
2544 9.502690715582e-03
2550 9.331680123538e-03
2556 9.163489510428e-03
2562 8.998075299797e-03
2568 8.835394573903e-03
2574 8.675405063402e-03
2580 8.518065137199e-03
2586 8.363333792473e-03
2592 8.211170644880e-03
2598 8.061535918907e-03
2604 7.914390438407e-03
2610 7.769695617277e-03
2616 7.627413450309e-03
2622 7.487506504181e-03
2628 7.349937908608e-03
2634 7.214671347641e-03
2640 7.081671051105e-03
2646 6.950901786189e-03
2652 6.822328849170e-03
2658 6.695918057277e-03
2664 6.571635740690e-03
2670 6.449448734672e-03
2676 6.329324371828e-03
2682 6.211230474500e-03
2688 6.095135347277e-03
2694 5.981007769637e-03
2700 5.868816988705e-03
2706 5.758532712130e-03
2712 5.650125101082e-03
2718 5.543564763363e-03
2724 5.438822746622e-03
2730 5.335870531695e-03
2736 5.234680026042e-03
2742 5.135223557294e-03
2748 5.037473866907e-03
2754 4.941404103911e-03
2760 4.846987818775e-03
2766 4.754198957351e-03
2772 4.663011854933e-03
2778 4.573401230401e-03
2784 4.485342180464e-03
2790 4.398810173992e-03
2796 4.313781046439e-03
2802 4.230230994360e-03
2808 4.148136570009e-03
2814 4.067474676026e-03
2820 3.988222560204e-03
2826 3.910357810352e-03
2832 3.833858349220e-03
2838 3.758702429520e-03
2844 3.684868629021e-03
2850 3.612335845716e-03
2856 3.541083293072e-03
2862 3.471090495352e-03
2868 3.402337283008e-03
2874 3.334803788153e-03
2880 3.268470440094e-03
2886 3.203317960944e-03
2892 3.139327361295e-03
2898 3.076479935965e-03
2904 3.014757259805e-03
2910 2.954141183578e-03
2916 2.894613829890e-03
2922 2.836157589201e-03
2928 2.778755115882e-03
2934 2.722389324340e-03
2940 2.667043385204e-03
2946 2.612700721566e-03
2952 2.559345005280e-03
2958 2.506960153321e-03
2964 2.455530324196e-03
2970 2.405039914415e-03
2976 2.355473555005e-03
2982 2.306816108093e-03
2988 2.259052663527e-03
2994 2.212168535556e-03
3000 2.166149259560e-03
3006 2.120980588822e-03
3012 2.076648491362e-03
3018 2.033139146807e-03
3024 1.990438943316e-03
3030 1.948534474544e-03
3036 1.907412536660e-03
3042 1.867060125406e-03
3048 1.827464433196e-03
3054 1.788612846266e-03
3060 1.750492941862e-03
3066 1.713092485472e-03
3072 1.676399428096e-03
3078 1.640401903565e-03
3084 1.605088225886e-03
3090 1.570446886643e-03
3096 1.536466552422e-03
3102 1.503136062287e-03
3108 1.470444425279e-03
3114 1.438380817968e-03
3120 1.406934582027e-03
3126 1.376095221852e-03
3132 1.345852402212e-03
3138 1.316195945935e-03
3144 1.287115831626e-03
3150 1.258602191422e-03
3156 1.230645308781e-03
3162 1.203235616295e-03
3168 1.176363693543e-03
3174 1.150020264977e-03
3180 1.124196197830e-03
3186 1.098882500061e-03
3192 1.074070318329e-03
3198 1.049750935997e-03
3204 1.025915771161e-03
3210 1.002556374715e-03
3216 9.796644284345e-04
3222 9.572317430976e-04
3228 9.352502566258e-04
3234 9.137120322560e-04
3240 8.926092567366e-04
3246 8.719342385510e-04
3252 8.516794061659e-04
3258 8.318373063053e-04
3264 8.124006022487e-04
3270 7.933620721548e-04
3276 7.747146074080e-04
3282 7.564512109893e-04
3288 7.385649958708e-04
3294 7.210491834324e-04
3300 7.038971019017e-04
3306 6.871021848158e-04
3312 6.706579695054e-04
3318 6.545580956005e-04
3324 6.387963035564e-04
3330 6.233664332025e-04
3336 6.082624223097e-04
3342 5.934783051795e-04
3348 5.790082112528e-04
3354 5.648463637379e-04
3360 5.509870782585e-04
3366 5.374247615206e-04
3372 5.241539099979e-04
3378 5.111691086366e-04
3384 4.984650295774e-04
3390 4.860364308962e-04
3396 4.738781553623e-04
3402 4.619851292142e-04
3408 4.503523609524e-04
3414 4.389749401488e-04
3420 4.278480362739e-04
3426 4.169668975392e-04
3432 4.063268497565e-04
3438 3.959232952130e-04
3444 3.857517115619e-04
3450 3.758076507289e-04
3456 3.660867378334e-04
3462 3.565846701256e-04
3468 3.472972159370e-04
3474 3.382202136473e-04
3480 3.293495706640e-04
3486 3.206812624171e-04
3492 3.122113313676e-04
3498 3.039358860296e-04
3504 2.958511000063e-04
3510 2.879532110384e-04
3516 2.802385200671e-04
3522 2.727033903089e-04
3528 2.653442463438e-04
3534 2.581575732155e-04
3540 2.511399155447e-04
3546 2.442878766545e-04
3552 2.375981177070e-04
3558 2.310673568531e-04
3564 2.246923683929e-04
3570 2.184699819482e-04
3576 2.123970816466e-04
3582 2.064706053157e-04
3588 2.006875436899e-04
3594 1.950449396267e-04
3600 1.895398873347e-04
3606 1.841695316113e-04
3612 1.789310670921e-04
3618 1.738217375089e-04
3624 1.688388349595e-04
3630 1.639796991861e-04
3636 1.592417168645e-04
3642 1.546223209025e-04
3648 1.501189897484e-04
3654 1.457292467078e-04
3660 1.414506592712e-04
3666 1.372808384494e-04
3672 1.332174381192e-04
3678 1.292581543768e-04
3684 1.254007249008e-04
3690 1.216429283234e-04
3696 1.179825836106e-04
3702 1.144175494504e-04
3708 1.109457236495e-04
3714 1.075650425380e-04
3720 1.042734803826e-04
3726 1.010690488070e-04
3732 9.794979622108e-05
3738 9.491380725705e-05
3744 9.195920221359e-05
3750 8.908413650744e-05
3756 8.628680013239e-05
3762 8.356541712562e-05
3768 8.091824504121e-05
3774 7.834357443081e-05
3780 7.583972833125e-05
3786 7.340506175919e-05
3792 7.103796121245e-05
3798 6.873684417817e-05
3804 6.650015864760e-05
3810 6.432638263735e-05
3816 6.221402371722e-05
3822 6.016161854429e-05
3828 5.816773240335e-05
3834 5.623095875351e-05
3840 5.434991878091e-05
3846 5.252326095748e-05
3852 5.074966060562e-05
3858 4.902781946874e-05
3864 4.735646528763e-05
3870 4.573435138249e-05
3876 4.416025624059e-05
3882 4.263298310954e-05
3888 4.115135959595e-05
3894 3.971423726957e-05
3900 3.832049127271e-05
3906 3.696901993499e-05
3912 3.565874439319e-05
3918 3.438860821628e-05
3924 3.315757703548e-05
3930 3.196463817937e-05
3936 3.080880031376e-05
3942 2.968909308660e-05
3948 2.860456677759e-05
3954 2.755429195246e-05
3960 2.653735912205e-05
3966 2.555287840588e-05
3972 2.459997920028e-05
3978 2.367780985108e-05
3984 2.278553733062e-05
3990 2.192234691916e-05
3996 2.108744189066e-05
4002 2.028004320271e-05
4008 1.949938919075e-05
4014 1.874473526635e-05
4020 1.801535361966e-05
4026 1.731053292583e-05
4032 1.662957805546e-05
4038 1.597180978896e-05
4044 1.533656453480e-05
4050 1.472319405157e-05
4056 1.413106517391e-05
4062 1.355955954203e-05
4068 1.300807333509e-05
4074 1.247601700806e-05
4080 1.196281503233e-05
4086 1.146790563972e-05
4092 1.099074057014e-05
4098 1.053078482261e-05
4104 1.008751640976e-05
4110 9.660426115677e-06
4116 9.249017257108e-06
4122 8.852805447946e-06
4128 8.471318366983e-06
4134 8.104095528871e-06
4140 7.750688058267e-06
4146 7.410658467108e-06
4152 7.083580434997e-06
4158 6.769038592647e-06
4164 6.466628308351e-06
4170 6.175955477448e-06
4176 5.896636314745e-06
4182 5.628297149855e-06
4188 5.370574225429e-06
4194 5.123113498238e-06
4200 4.885570443075e-06
4206 4.657609859449e-06
4212 4.438905681036e-06
4218 4.229140787845e-06
4224 4.028006821094e-06
4230 3.835204000740e-06
4236 3.650440945642e-06
4242 3.473434496340e-06
4248 3.303909540397e-06
4254 3.141598840302e-06
4260 2.986242863886e-06
4266 2.837589617233e-06
4272 2.695394480061e-06
4278 2.559420043542e-06
4284 2.429435950538e-06
4290 2.305218738222e-06
4296 2.186551683077e-06
4302 2.073224648221e-06
4308 1.965033933061e-06
4314 1.861782125231e-06
4320 1.763277954812e-06
4326 1.669336150791e-06
4332 1.579777299748e-06
4338 1.494427706754e-06
4344 1.413119258446e-06
4350 1.335689288264e-06
4356 1.261980443835e-06
4362 1.191840556478e-06
4368 1.125122512806e-06
4374 1.061684128415e-06
4380 1.001388023641e-06
4386 9.441015013542e-07
4392 8.896964267846e-07
4398 8.380491093574e-07
4404 7.890401865183e-07
4410 7.425545095335e-07
4416 6.984810312467e-07
4422 6.567126957769e-07
4428 6.171463301400e-07
4434 5.796825377779e-07
4440 5.442255939802e-07
4446 5.106833431816e-07
4452 4.789670981203e-07
4458 4.489915408416e-07
4464 4.206746255328e-07
4470 3.939374831734e-07
4476 3.687043279860e-07
4482 3.449023656745e-07
4488 3.224617034347e-07
4494 3.013152617221e-07
4500 2.813986877646e-07
4506 2.626502708054e-07
4512 2.450108590616e-07
4518 2.284237783855e-07
4524 2.128347526152e-07
4530 1.981918255993e-07
4536 1.844452848842e-07
4542 1.715475870484e-07
4548 1.594532846711e-07
4554 1.481189549222e-07
4560 1.375031297576e-07
4566 1.275662277094e-07
4572 1.182704872536e-07
4578 1.095799017447e-07
4584 1.014601559008e-07
4590 9.387856382606e-08
4596 8.680400855611e-08
4602 8.020688311225e-08
4608 7.405903304912e-08
4614 6.833370048190e-08
4620 6.300546957725e-08
4626 5.805021349365e-08
4632 5.344504275459e-08
4638 4.916825504054e-08
4644 4.519928638131e-08
4650 4.151866373634e-08
4656 3.810795894081e-08
4662 3.494974400930e-08
4668 3.202754776684e-08
4674 2.932581381051e-08
4680 2.682985975116e-08
4686 2.452583777029e-08
4692 2.240069638631e-08
4698 2.044214355788e-08
4704 1.863861085704e-08
4710 1.697921911957e-08
4716 1.545374480952e-08
4722 1.405258839046e-08
4728 1.276674233470e-08
4734 1.158776300797e-08
4740 1.050773858497e-08
4746 9.519267540676e-09
