0 1.000000000000e+00
8 6.081658447171e-03
16 4.169545034033e+02
24 1.732692605661e+01
32 1.026046143005e+01
40 8.682710821859e+00
48 5.817348973211e+00
56 5.256585074998e+00
64 1.047220208715e+01
72 2.739936412727e+01
80 1.810452190237e+02
88 2.852286775751e+01
96 1.357968760050e+01
104 9.219095584086e+00
112 7.214707620212e+00
120 6.117385751937e+00
128 5.467892161601e+00
136 5.072359355110e+00
144 4.828531208133e+00
152 4.666345834873e+00
160 4.526251639176e+00
168 4.372353606942e+00
176 4.213923151631e+00
184 4.061416950986e+00
192 3.914206738705e+00
200 3.772157933602e+00
208 3.635086890708e+00
216 3.502822484794e+00
224 3.375198842360e+00
232 3.252055941233e+00
240 3.133239307433e+00
248 3.018599826993e+00
256 2.907993552588e+00
264 2.801281518969e+00
272 2.698329565167e+00
280 2.599008163418e+00
288 2.503192254489e+00
296 2.410761089179e+00
304 2.321598075716e+00
312 2.235590632850e+00
320 2.152630048385e+00
328 2.072611342956e+00
336 1.995433138833e+00
344 1.920997533557e+00
352 1.849209978221e+00
360 1.779979160213e+00
368 1.713216890241e+00
376 1.648837993483e+00
384 1.586760204702e+00
392 1.526904067158e+00
400 1.469192835191e+00
408 1.413552380322e+00
416 1.359911100736e+00
424 1.308199834024e+00
432 1.258351773061e+00
440 1.210302384890e+00
448 1.163989332508e+00
456 1.119352399443e+00
464 1.076333417014e+00
472 1.034876194173e+00
480 9.949264498389e-01
488 9.564317476140e-01
496 9.193414328176e-01
504 8.836065717297e-01
512 8.491798929737e-01
520 8.160157309560e-01
528 7.840699712868e-01
536 7.532999981089e-01
544 7.236646432646e-01
552 6.951241372340e-01
560 6.676400617783e-01
568 6.411753042277e-01
576 6.156940133527e-01
584 5.911615567623e-01
592 5.675444797732e-01
600 5.448104656968e-01
608 5.229282974936e-01
616 5.018678207449e-01
624 4.815999078947e-01
632 4.620964237176e-01
640 4.433301919667e-01
648 4.252749631609e-01
656 4.079053834713e-01
664 3.911969646661e-01
672 3.751260550785e-01
680 3.596698115599e-01
688 3.448061723839e-01
696 3.305138310688e-01
704 3.167722110846e-01
712 3.035614414146e-01
720 2.908623329415e-01
728 2.786563556291e-01
736 2.669256164713e-01
744 2.556528381836e-01
752 2.448213386082e-01
760 2.344150108112e-01
768 2.244183038460e-01
776 2.148162041600e-01
784 2.055942176235e-01
792 1.967383521582e-01
800 1.882351009456e-01
808 1.800714261945e-01
816 1.722347434495e-01
824 1.647129064212e-01
832 1.574941923208e-01
840 1.505672876815e-01
848 1.439212746503e-01
856 1.375456177350e-01
864 1.314301509892e-01
872 1.255650656222e-01
880 1.199408980189e-01
888 1.145485181554e-01
896 1.093791183975e-01
904 1.044242026690e-01
912 9.967557597719e-02
920 9.512533428475e-02
928 9.076585471422e-02
936 8.658978607605e-02
944 8.259003970834e-02
952 7.875978061810e-02
960 7.509241891404e-02
968 7.158160152118e-02
976 6.822120416782e-02
984 6.500532363605e-02
992 6.192827026680e-02
1000 5.898456071123e-02
1008 5.616891092021e-02
1016 5.347622936403e-02
1024 5.090161047482e-02
1032 4.844032830423e-02
1040 4.608783038946e-02
1048 4.383973182059e-02
1056 4.169180950275e-02
1064 3.963999660673e-02
1072 3.768037720175e-02
1080 3.580918106457e-02
1088 3.402277865909e-02
1096 3.231767628088e-02
1104 3.069051136131e-02
1112 2.913804792597e-02
1120 2.765717220254e-02
1128 2.624488837304e-02
1136 2.489831446587e-02
1144 2.361467838317e-02
1152 2.239131405896e-02
1160 2.122565774386e-02
1168 2.011524441245e-02
1176 1.905770428903e-02
1184 1.805075948814e-02
1192 1.709222076613e-02
1200 1.617998438002e-02
1208 1.531202905044e-02
1216 1.448641302505e-02
1224 1.370127123937e-02
1232 1.295481257176e-02
1240 1.224531718966e-02
1248 1.157113398398e-02
1256 1.093067808892e-02
1264 1.032242848447e-02
1272 9.744925678836e-03
1280 9.196769468388e-03
1288 8.676616772444e-03
1296 8.183179540642e-03
1304 7.715222730502e-03
1312 7.271562352927e-03
1320 6.851063583483e-03
1328 6.452638937335e-03
1336 6.075246505797e-03
1344 5.717888252526e-03
1352 5.379608367449e-03
1360 5.059491676566e-03
1368 4.756662105842e-03
1376 4.470281197455e-03
1384 4.199546676717e-03
1392 3.943691068059e-03
1400 3.701980358479e-03
1408 3.473712706968e-03
1416 3.258217198403e-03
1424 3.054852640515e-03
1432 2.863006402523e-03
1440 2.682093294116e-03
1448 2.511554483478e-03
1456 2.350856453104e-03
1464 2.199489992204e-03
1472 2.056969224501e-03
1480 1.922830670299e-03
1488 1.796632341717e-03
1496 1.677952870016e-03
1504 1.566390663993e-03
1512 1.461563098434e-03
1520 1.363105731659e-03
1528 1.270671551224e-03
1536 1.183930246863e-03
1544 1.102567509796e-03
1552 1.026284357541e-03
1560 9.547964834163e-04
1568 8.878336299140e-04
1576 8.251389851886e-04
1584 7.664686018921e-04
1592 7.115908376368e-04
1600 6.602858163763e-04
1608 6.123449100218e-04
1616 5.675702396303e-04
1624 5.257741955225e-04
1632 4.867789757083e-04
1640 4.504161420157e-04
1648 4.165261933394e-04
1656 3.849581554413e-04
1664 3.555691867543e-04
1672 3.282241996558e-04
1680 3.027954966953e-04
1688 2.791624212759e-04
1696 2.572110223024e-04
1704 2.368337323279e-04
1712 2.179290587404e-04
1720 2.004012875480e-04
1728 1.841601993338e-04
1736 1.691207969626e-04
1744 1.552030446384e-04
1752 1.423316179172e-04
1760 1.304356643008e-04
1768 1.194485740364e-04
1776 1.093077607725e-04
1784 9.995445171340e-05
1792 9.133348695331e-05
1800 8.339312763580e-05
1808 7.608487266565e-05
1816 6.936328359617e-05
1824 6.318581750803e-05
1832 5.751266739884e-05
1840 5.230661012880e-05
1848 4.753286108745e-05
1856 4.315893630024e-05
1864 3.915451997948e-05
1872 3.549134038495e-05
1880 3.214304810754e-05
1888 2.908510690081e-05
1896 2.629467759036e-05
1904 2.375053102457e-05
1912 2.143292097817e-05
1920 1.932354950845e-05
1928 1.740536573152e-05
1936 1.566270882784e-05
1944 1.408077388075e-05
1952 1.264646613092e-05
1960 1.134641361723e-05
1968 1.017090476184e-05
1976 9.105358769971e-06
1984 8.148382229118e-06
1992 7.272463498914e-06
2000 6.509880715038e-06
2008 5.761672886080e-06
2016 5.222276787009e-06
2024 4.442074195614e-06
2032 4.170161445778e-06
2040 3.526550265451e-06
2048 3.269642415691e-06
2056 2.940546501042e-06
2064 2.549429106424e-06
2072 2.377328631893e-06
2080 2.479134229144e-06
2088 1.827806936786e-06
2096 1.559874105568e-06
2104 1.447055392273e-06
2112 1.350586698074e-06
2120 1.166895615123e-06
2128 1.086383344346e-06
2136 1.001200963256e-06
2144 8.654892825002e-07
2152 8.154580523306e-07
2160 7.048413841265e-07
2168 6.644232918835e-07
2176 5.670078558639e-07
2184 5.228717991523e-07
2192 4.821704305536e-07
2200 4.122829768124e-07
2208 3.710821443447e-07
2216 3.487976304743e-07
2224 3.232597240120e-07
2232 2.616804242934e-07
2240 2.371308415378e-07
2248 2.228096666739e-07
2256 2.020133308233e-07
2264 1.679476842862e-07
2272 1.544328755064e-07
2280 1.432494318606e-07
2288 1.249671108875e-07
2296 1.085133054847e-07
2304 1.017869749648e-07
2312 8.766570772014e-08
2320 8.242176705991e-08
2328 7.874018281916e-08
2336 6.121631452997e-08
2344 5.433891016044e-08
2352 5.118053471088e-08
2360 4.402748011803e-08
2368 3.876899367061e-08
2376 3.647388127445e-08
2384 3.120471351248e-08
2392 2.746404733597e-08
2400 2.582320909203e-08
2408 2.293798777317e-08
2416 1.899787458626e-08
2424 1.751127555435e-08
2432 1.581368088081e-08
2440 1.323959275499e-08
2448 1.231338855376e-08
2456 1.045462212574e-08
2464 9.776511624413e-09
