0 1.000000000000e+00
10 6.081658447151e-03
20 4.170670862635e+02
30 1.733095020202e+01
40 1.026193585110e+01
50 8.682837527876e+00
60 5.831710483920e+00
70 5.252600031868e+00
80 1.047082772751e+01
90 2.743114288885e+01
100 1.793857690245e+02
110 2.771421962556e+01
120 1.321117753952e+01
130 8.969347132015e+00
140 7.016836377587e+00
150 5.946149085363e+00
160 5.310898608183e+00
170 4.922740614000e+00
180 4.682784325681e+00
190 4.524117563869e+00
200 4.390261902053e+00
210 4.244885332297e+00
220 4.093584256922e+00
230 3.947502551749e+00
240 3.806449803425e+00
250 3.670257010449e+00
260 3.538759490747e+00
270 3.411798321080e+00
280 3.289219976477e+00
290 3.170876156252e+00
300 3.056623599027e+00
310 2.946323906382e+00
320 2.839843372833e+00
330 2.737052822085e+00
340 2.637827449296e+00
350 2.542046669120e+00
360 2.449593969299e+00
370 2.360356769589e+00
380 2.274226285811e+00
390 2.191097398840e+00
400 2.110868528319e+00
410 2.033441510940e+00
420 1.958721483102e+00
430 1.886616767778e+00
440 1.817038765446e+00
450 1.749901848905e+00
460 1.685123261850e+00
470 1.622623021053e+00
480 1.562323822018e+00
490 1.504150947973e+00
500 1.448032182083e+00
510 1.393897722758e+00
520 1.341680101938e+00
530 1.291314106251e+00
540 1.242736700935e+00
550 1.195886956411e+00
560 1.150705977434e+00
570 1.107136834696e+00
580 1.065124498816e+00
590 1.024615776618e+00
600 9.855592496134e-01
610 9.479052146082e-01
620 9.116056263642e-01
630 8.766140422292e-01
640 8.428855686713e-01
650 8.103768096479e-01
660 7.790458167421e-01
670 7.488520410032e-01
680 7.197562864307e-01
690 6.917206650430e-01
700 6.647085534733e-01
710 6.386845510398e-01
720 6.136144392361e-01
730 5.894651425934e-01
740 5.662046908641e-01
750 5.438021824814e-01
760 5.222277492492e-01
770 5.014525222201e-01
780 4.814485987185e-01
790 4.621890104696e-01
800 4.436476927958e-01
810 4.257994548422e-01
820 4.086199507971e-01
830 3.920856520717e-01
840 3.761738204056e-01
850 3.608624818677e-01
860 3.461304017196e-01
870 3.319570601131e-01
880 3.183226285932e-01
890 3.052079473778e-01
900 2.925945033889e-01
910 2.804644090086e-01
920 2.688003815360e-01
930 2.575857233200e-01
940 2.468043025468e-01
950 2.364405346578e-01
960 2.264793643782e-01
970 2.169062483351e-01
980 2.077071382447e-01
990 1.988684646504e-01
1000 1.903771211923e-01
1010 1.822204493914e-01
1020 1.743862239296e-01
1030 1.668626384109e-01
1040 1.596382915862e-01
1050 1.527021740266e-01
1060 1.460436552310e-01
1070 1.396524711520e-01
1080 1.335187121287e-01
1090 1.276328112096e-01
1100 1.219855328561e-01
1110 1.165679620112e-01
1120 1.113714935235e-01
1130 1.063878219129e-01
1140 1.016089314688e-01
1150 9.702708666777e-02
1160 9.263482290172e-02
1170 8.842493750591e-02
1180 8.439048107676e-02
1190 8.052474907032e-02
1200 7.682127367205e-02
1210 7.327381592913e-02
1220 6.987635813678e-02
1230 6.662309647023e-02
1240 6.350843385447e-02
1250 6.052697306397e-02
1260 5.767351004503e-02
1270 5.494302745340e-02
1280 5.233068840039e-02
1290 4.983183040052e-02
1300 4.744195951448e-02
1310 4.515674468080e-02
1320 4.297201223043e-02
1330 4.088374057815e-02
1340 3.888805508524e-02
1350 3.698122308784e-02
1360 3.515964908576e-02
1370 3.341987008654e-02
1380 3.175855109983e-02
1390 3.017248077720e-02
1400 2.865856719289e-02
1410 2.721383376083e-02
1420 2.583541528370e-02
1430 2.452055412977e-02
1440 2.326659653342e-02
1450 2.207098901553e-02
1460 2.093127491974e-02
1470 1.984509106107e-02
1480 1.881016448325e-02
1490 1.782430932126e-02
1500 1.688542376589e-02
1510 1.599148712694e-02
1520 1.514055699199e-02
1530 1.433076647775e-02
1540 1.356032157102e-02
1550 1.282749855640e-02
1560 1.213064152808e-02
1570 1.146815998301e-02
1580 1.083852649283e-02
1590 1.024027445222e-02
1600 9.671995901081e-03
1610 9.132339418332e-03
1620 8.620008085059e-03
1630 8.133757514768e-03
1640 7.672393948681e-03
1650 7.234772414008e-03
1660 6.819794943210e-03
1670 6.426408852331e-03
1680 6.053605076548e-03
1690 5.700416561127e-03
1700 5.365916706044e-03
1710 5.049217862581e-03
1720 4.749469880269e-03
1730 4.465858702581e-03
1740 4.197605009841e-03
1750 3.943962907882e-03
1760 3.704218660979e-03
1770 3.477689467698e-03
1780 3.263722278283e-03
1790 3.061692652286e-03
1800 2.871003655172e-03
1810 2.691084792660e-03
1820 2.521390981624e-03
1830 2.361401556392e-03
1840 2.210619309328e-03
1850 2.068569564615e-03
1860 1.934799284194e-03
1870 1.808876204836e-03
1880 1.690388005367e-03
1890 1.578941503089e-03
1900 1.474161878479e-03
1910 1.375691927258e-03
1920 1.283191338976e-03
1930 1.196336001256e-03
1940 1.114817328897e-03
1950 1.038341617032e-03
1960 9.666294175776e-04
1970 8.994149382451e-04
1980 8.364454633699e-04
1990 7.774807958815e-04
2000 7.222927197258e-04
2010 6.706644820886e-04
2020 6.223902947805e-04
2030 5.772748541698e-04
2040 5.351328790625e-04
2050 4.957886659502e-04
2060 4.590756610647e-04
2070 4.248360486910e-04
2080 3.929203552123e-04
2090 3.631870683727e-04
2100 3.355022712587e-04
2110 3.097392905202e-04
2120 2.857783583575e-04
2130 2.635062878254e-04
2140 2.428161610086e-04
2150 2.236070296459e-04
2160 2.057836277811e-04
2170 1.892560960491e-04
2180 1.739397171884e-04
2190 1.597546624295e-04
2200 1.466257483473e-04
2210 1.344822038850e-04
2220 1.232574471082e-04
2230 1.128888714936e-04
2240 1.033176412100e-04
2250 9.448849541102e-05
2260 8.634956069951e-05
2270 7.885217231664e-05
2280 7.195070238446e-05
2290 6.560239718700e-05
2300 5.976721945060e-05
2310 5.440770169016e-05
2320 4.948879958469e-05
2330 4.497776370541e-05
2340 4.084399695309e-05
2350 3.705895468534e-05
2360 3.359598501826e-05
2370 3.043029418953e-05
2380 2.753869764807e-05
2390 2.489978556433e-05
2400 2.249332190534e-05
2410 2.030112056192e-05
2420 1.830508214049e-05
2430 1.649079616979e-05
2440 1.484014080630e-05
2450 1.334593752418e-05
2460 1.198188996714e-05
2470 1.076430522909e-05
2480 9.623078264696e-06
2490 8.673248416471e-06
2500 7.634495621458e-06
2510 7.051361618125e-06
2520 6.108951035832e-06
2530 5.385106873356e-06
2540 5.067389964996e-06
2550 4.367283691532e-06
2560 4.113672940841e-06
2570 3.511761010816e-06
2580 3.263668394992e-06
2590 2.964931904342e-06
2600 2.568445084410e-06
2610 2.414682893925e-06
2620 2.184640224983e-06
2630 1.826769413533e-06
2640 1.681631015575e-06
2650 1.565860782272e-06
2660 1.357708667203e-06
2670 1.209673902225e-06
2680 1.140687113898e-06
2690 9.757869468881e-07
2700 9.077117670743e-07
2710 8.236885114106e-07
2720 7.157999103611e-07
2730 6.715086614348e-07
2740 6.343313946136e-07
2750 5.060235112825e-07
2760 4.540998996246e-07
2770 4.282970113112e-07
2780 3.677785378428e-07
2790 3.331958102553e-07
2800 3.131636117200e-07
2810 2.821543479831e-07
2820 2.366348457675e-07
2830 2.184954425152e-07
2840 2.015918009297e-07
2850 1.720886582864e-07
2860 1.560463425333e-07
2870 1.461617665687e-07
2880 1.409014287231e-07
2890 1.095880345626e-07
2900 9.711019917831e-08
2910 9.151041073130e-08
2920 7.785957296035e-08
2930 7.192709853379e-08
2940 6.568042824426e-08
2950 5.547190668996e-08
2960 5.123219117133e-08
2970 4.620346168071e-08
2980 3.903367573145e-08
2990 3.661336947990e-08
3000 3.136809454432e-08
3010 2.696665402862e-08
3020 2.524643951649e-08
3030 2.106822929949e-08
3040 1.922334801501e-08
3050 1.750351158473e-08
3060 1.612736719385e-08
3070 1.258592271576e-08
3080 1.126417785564e-08
3090 1.053535633680e-08
3100 1.500601820081e-08
3110 8.173962788329e-09
