0 1.000000000000e+00
2 1.236015124883e+00
4 2.626889397580e-01
6 1.515450073824e+00
8 1.171112885411e+00
10 9.172999916326e-01
12 7.100636539122e-01
14 5.619939417545e-01
16 3.363114979022e-01
18 2.517626149435e-01
20 2.181096438212e-01
22 2.039377715591e-01
24 1.375151213227e-01
26 1.414615792466e-01
28 7.578516074636e-02
30 2.096182599642e-01
32 1.117160770205e-01
34 7.929994498728e-02
36 1.522301632747e+00
38 7.981257501572e+00
40 1.775686085193e+02
42 2.168100096833e+03
44 7.474537960422e+05
46 7.442692657596e+05
48 7.411206645560e+05
50 7.380073365431e+05
52 7.349286423611e+05
54 7.318839586478e+05
56 7.288726775293e+05
58 7.258942061298e+05
60 7.229479661007e+05
62 7.200333931669e+05
64 7.171499366910e+05
66 7.142970592536e+05
68 7.114742362492e+05
70 7.086809554969e+05
72 7.059167168660e+05
74 7.031810319148e+05
76 7.004734235427e+05
78 6.977934256548e+05
80 6.951405828385e+05
82 6.925144500519e+05
84 6.899145923229e+05
86 6.873405844589e+05
88 6.847920107670e+05
90 6.822684647834e+05
92 6.797695490126e+05
94 6.772948746754e+05
96 6.748440614651e+05
98 6.724167373128e+05
100 6.700125381598e+05
102 6.676311077379e+05
104 6.652720973573e+05
106 6.629351657010e+05
108 6.606199786263e+05
110 6.583262089727e+05
112 6.560535363761e+05
114 6.538016470890e+05
116 6.515702338059e+05
118 6.493589954957e+05
120 6.471676372375e+05
122 6.449958700634e+05
124 6.428434108051e+05
126 6.407099819454e+05
128 6.385953114748e+05
130 6.364991327523e+05
132 6.344211843700e+05
134 6.323612100228e+05
136 6.303189583811e+05
138 6.282941829676e+05
140 6.262866420385e+05
142 6.242960984672e+05
144 6.223223196321e+05
146 6.203650773076e+05
148 6.184241475581e+05
150 6.164993106353e+05
152 6.145903508787e+05
154 6.126970566181e+05
156 6.108192200803e+05
158 6.089566372969e+05
160 6.071091080161e+05
162 6.052764356163e+05
164 6.034584270218e+05
166 6.016548926219e+05
168 5.998656461914e+05
170 5.980905048135e+05
172 5.963292888049e+05
174 5.945818216432e+05
176 5.928479298958e+05
178 5.911274431510e+05
180 5.894201939511e+05
182 5.877260177270e+05
184 5.860447527346e+05
186 5.843762399934e+05
188 5.827203232259e+05
190 5.810768487992e+05
192 5.794456656679e+05
194 5.778266253188e+05
196 5.762195817165e+05
198 5.746243912508e+05
200 5.730409126854e+05
202 5.714690071080e+05
204 5.699085378814e+05
206 5.683593705960e+05
208 5.668213730236e+05
210 5.652944150723e+05
212 5.637783687424e+05
214 5.622731080836e+05
216 5.607785091532e+05
218 5.592944499752e+05
220 5.578208105007e+05
222 5.563574725689e+05
224 5.549043198693e+05
226 5.534612379048e+05
228 5.520281139559e+05
230 5.506048370450e+05
232 5.491912979026e+05
234 5.477873889334e+05
236 5.463930041840e+05
238 5.450080393105e+05
240 5.436323915476e+05
242 5.422659596784e+05
244 5.409086440042e+05
246 5.395603463156e+05
248 5.382209698643e+05
250 5.368904193353e+05
252 5.355686008200e+05
254 5.342554217892e+05
256 5.329507910681e+05
258 5.316546188102e+05
260 5.303668164732e+05
262 5.290872967948e+05
264 5.278159737688e+05
266 5.265527626224e+05
268 5.252975797933e+05
270 5.240503429080e+05
272 5.228109707602e+05
274 5.215793832894e+05
276 5.203555015608e+05
278 5.191392477445e+05
280 5.179305450965e+05
282 5.167293179387e+05
284 5.155354916404e+05
286 5.143489925999e+05
288 5.131697482261e+05
290 5.119976869211e+05
292 5.108327380628e+05
294 5.096748319877e+05
296 5.085238999746e+05
298 5.073798742284e+05
300 5.062426878640e+05
302 5.051122748906e+05
304 5.039885701969e+05
306 5.028715095356e+05
308 5.017610295095e+05
310 5.006570675564e+05
312 4.995595619355e+05
314 4.984684517136e+05
316 4.973836767516e+05
318 4.963051776913e+05
320 4.952328959425e+05
322 4.941667736703e+05
324 4.931067537827e+05
326 4.920527799185e+05
328 4.910047964352e+05
330 4.899627483974e+05
332 4.889265815656e+05
334 4.878962423846e+05
336 4.868716779724e+05
338 4.858528361100e+05
340 4.848396652302e+05
342 4.838321144075e+05
344 4.828301333480e+05
346 4.818336723792e+05
348 4.808426824404e+05
350 4.798571150728e+05
352 4.788769224104e+05
354 4.779020571707e+05
356 4.769324726456e+05
358 4.759681226923e+05
360 4.750089617249e+05
362 4.740549447056e+05
364 4.731060271365e+05
366 4.721621650510e+05
368 4.712233150061e+05
370 4.702894340744e+05
372 4.693604798359e+05
374 4.684364103709e+05
376 4.675171842522e+05
378 4.666027605374e+05
380 4.656930987625e+05
382 4.647881589340e+05
384 4.638879015221e+05
386 4.629922874543e+05
388 4.621012781079e+05
390 4.612148353042e+05
392 4.603329213012e+05
394 4.594554987880e+05
396 4.585825308779e+05
398 4.577139811026e+05
400 4.568498134059e+05
402 4.559899921381e+05
404 4.551344820498e+05
406 4.542832482866e+05
408 4.534362563829e+05
410 4.525934722567e+05
412 4.517548622043e+05
414 4.509203928945e+05
416 4.500900313640e+05
418 4.492637450113e+05
420 4.484415015927e+05
422 4.476232692165e+05
424 4.468090163383e+05
426 4.459987117563e+05
428 4.451923246067e+05
430 4.443898243586e+05
432 4.435911808096e+05
434 4.427963640816e+05
436 4.420053446160e+05
438 4.412180931692e+05
440 4.404345808090e+05
442 4.396547789096e+05
444 4.388786591480e+05
446 4.381061934995e+05
448 4.373373542342e+05
450 4.365721139125e+05
452 4.358104453817e+05
454 4.350523217717e+05
456 4.342977164917e+05
458 4.335466032262e+05
460 4.327989559317e+05
462 4.320547488326e+05
464 4.313139564180e+05
466 4.305765534385e+05
468 4.298425149020e+05
470 4.291118160714e+05
472 4.283844324602e+05
474 4.276603398302e+05
476 4.269395141876e+05
478 4.262219317803e+05
480 4.255075690945e+05
482 4.247964028520e+05
484 4.240884100068e+05
486 4.233835677422e+05
488 4.226818534683e+05
490 4.219832448187e+05
492 4.212877196478e+05
494 4.205952560280e+05
496 4.199058322471e+05
498 4.192194268053e+05
500 4.185360184132e+05
502 4.178555859881e+05
504 4.171781086526e+05
506 4.165035657312e+05
508 4.158319367484e+05
510 4.151632014256e+05
512 4.144973396794e+05
514 4.138343316186e+05
516 4.131741575422e+05
518 4.125167979371e+05
520 4.118622334754e+05
522 4.112104450129e+05
524 4.105614135860e+05
526 4.099151204102e+05
528 4.092715468776e+05
530 4.086306745549e+05
532 4.079924851815e+05
534 4.073569606669e+05
536 4.067240830892e+05
538 4.060938346930e+05
540 4.054661978871e+05
542 4.048411552429e+05
544 4.042186894925e+05
546 4.035987835266e+05
548 4.029814203926e+05
550 4.023665832932e+05
552 4.017542555841e+05
554 4.011444207724e+05
556 4.005370625150e+05
558 3.999321646165e+05
560 3.993297110280e+05
562 3.987296858449e+05
564 3.981320733056e+05
566 3.975368577897e+05
568 3.969440238164e+05
570 3.963535560430e+05
572 3.957654392633e+05
574 3.951796584058e+05
576 3.945961985326e+05
578 3.940150448377e+05
580 3.934361826453e+05
582 3.928595974086e+05
584 3.922852747085e+05
586 3.917132002518e+05
588 3.911433598698e+05
590 3.905757395175e+05
592 3.900103252713e+05
594 3.894471033284e+05
596 3.888860600055e+05
598 3.883271817367e+05
600 3.877704550730e+05
602 3.872158666807e+05
604 3.866634033402e+05
606 3.861130519447e+05
608 3.855647994990e+05
610 3.850186331183e+05
612 3.844745400270e+05
614 3.839325075575e+05
616 3.833925231490e+05
618 3.828545743465e+05
620 3.823186487996e+05
622 3.817847342613e+05
624 3.812528185868e+05
626 3.807228897327e+05
628 3.801949357558e+05
630 3.796689448119e+05
632 3.791449051550e+05
634 3.786228051360e+05
636 3.781026332019e+05
638 3.775843778947e+05
640 3.770680278503e+05
642 3.765535717976e+05
644 3.760409985578e+05
646 3.755302970429e+05
648 3.750214562553e+05
650 3.745144652863e+05
652 3.740093133157e+05
654 3.735059896107e+05
656 3.730044835248e+05
658 3.725047844972e+05
660 3.720068820519e+05
662 3.715107657965e+05
664 3.710164254218e+05
666 3.705238507006e+05
668 3.700330314871e+05
670 3.695439577160e+05
672 3.690566194016e+05
674 3.685710066370e+05
676 3.680871095935e+05
678 3.676049185196e+05
680 3.671244237404e+05
682 3.666456156567e+05
684 3.661684847442e+05
686 3.656930215530e+05
688 3.652192167065e+05
690 3.647470609011e+05
692 3.642765449052e+05
694 3.638076595583e+05
696 3.633403957709e+05
698 3.628747445232e+05
700 3.624106968647e+05
702 3.619482439135e+05
704 3.614873768557e+05
706 3.610280869446e+05
708 3.605703654999e+05
710 3.601142039076e+05
712 3.596595936186e+05
714 3.592065261489e+05
716 3.587549930781e+05
718 3.583049860497e+05
720 3.578564967697e+05
722 3.574095170065e+05
724 3.569640385899e+05
726 3.565200534111e+05
728 3.560775534214e+05
730 3.556365306321e+05
732 3.551969771140e+05
734 3.547588849965e+05
736 3.543222464671e+05
738 3.538870537711e+05
740 3.534532992108e+05
742 3.530209751452e+05
744 3.525900739893e+05
746 3.521605882135e+05
748 3.517325103434e+05
750 3.513058329589e+05
752 3.508805486939e+05
754 3.504566502359e+05
756 3.500341303253e+05
758 3.496129817551e+05
760 3.491931973700e+05
762 3.487747700667e+05
764 3.483576927925e+05
766 3.479419585456e+05
768 3.475275603742e+05
770 3.471144913762e+05
772 3.467027446988e+05
774 3.462923135377e+05
776 3.458831911372e+05
778 3.454753707894e+05
780 3.450688458338e+05
782 3.446636096571e+05
784 3.442596556924e+05
786 3.438569774190e+05
788 3.434555683622e+05
790 3.430554220923e+05
792 3.426565322250e+05
794 3.422588924201e+05
796 3.418624963819e+05
798 3.414673378584e+05
800 3.410734106407e+05
802 3.406807085633e+05
804 3.402892255030e+05
806 3.398989553791e+05
808 3.395098921525e+05
810 3.391220298258e+05
812 3.387353624427e+05
814 3.383498840877e+05
816 3.379655888855e+05
818 3.375824710011e+05
820 3.372005246393e+05
822 3.368197440440e+05
824 3.364401234983e+05
826 3.360616573239e+05
828 3.356843398810e+05
830 3.353081655678e+05
832 3.349331288200e+05
834 3.345592241111e+05
836 3.341864459512e+05
838 3.338147888874e+05
840 3.334442475031e+05
842 3.330748164181e+05
844 3.327064902877e+05
846 3.323392638028e+05
848 3.319731316895e+05
850 3.316080887090e+05
852 3.312441296568e+05
854 3.308812493629e+05
856 3.305194426913e+05
858 3.301587045399e+05
860 3.297990298398e+05
862 3.294404135554e+05
864 3.290828506841e+05
866 3.287263362559e+05
868 3.283708653330e+05
870 3.280164330099e+05
872 3.276630344129e+05
874 3.273106646996e+05
876 3.269593190594e+05
878 3.266089927123e+05
880 3.262596809092e+05
882 3.259113789318e+05
884 3.255640820917e+05
886 3.252177857308e+05
888 3.248724852207e+05
890 3.245281759626e+05
892 3.241848533869e+05
894 3.238425129532e+05
896 3.235011501500e+05
898 3.231607604941e+05
900 3.228213395310e+05
902 3.224828828341e+05
904 3.221453860049e+05
906 3.218088446725e+05
908 3.214732544934e+05
910 3.211386111516e+05
912 3.208049103578e+05
914 3.204721478498e+05
916 3.201403193918e+05
918 3.198094207745e+05
920 3.194794478148e+05
922 3.191503963554e+05
924 3.188222622650e+05
926 3.184950414377e+05
928 3.181687297930e+05
930 3.178433232756e+05
932 3.175188178551e+05
934 3.171952095259e+05
936 3.168724943071e+05
938 3.165506682419e+05
940 3.162297273980e+05
942 3.159096678669e+05
944 3.155904857639e+05
946 3.152721772280e+05
948 3.149547384217e+05
950 3.146381655308e+05
952 3.143224547639e+05
954 3.140076023528e+05
956 3.136936045520e+05
958 3.133804576384e+05
960 3.130681579115e+05
962 3.127567016927e+05
964 3.124460853257e+05
966 3.121363051760e+05
968 3.118273576309e+05
970 3.115192390990e+05
972 3.112119460106e+05
974 3.109054748168e+05
976 3.105998219902e+05
978 3.102949840240e+05
980 3.099909574322e+05
982 3.096877387494e+05
984 3.093853245307e+05
986 3.090837113513e+05
988 3.087828958068e+05
990 3.084828745123e+05
992 3.081836441033e+05
994 3.078852012345e+05
996 3.075875425803e+05
998 3.072906648346e+05
