0 1.000000000000e+00
3 2.542409249851e+00
6 4.017282365976e+02
9 5.445346257940e+02
12 4.603683936880e+02
15 6.884913191152e+04
18 6.961744550767e+04
21 6.846874117752e+04
24 6.922945670443e+04
27 6.809454030723e+04
30 6.884780962489e+04
33 6.772636292973e+04
36 6.847233333500e+04
39 6.736404888162e+04
42 6.810286329076e+04
45 6.700744391184e+04
48 6.773924103393e+04
51 6.665639940344e+04
54 6.738131390523e+04
57 6.631077211124e+04
60 6.702893477399e+04
63 6.597042391425e+04
66 6.668196178299e+04
69 6.563522158198e+04
72 6.634025810759e+04
75 6.530503655360e+04
78 6.600369172822e+04
81 6.497974472925e+04
84 6.567213521529e+04
87 6.465922627261e+04
90 6.534546552578e+04
93 6.434336542407e+04
96 6.502356381074e+04
99 6.403205032382e+04
102 6.470631523306e+04
105 6.372517284430e+04
108 6.439360879481e+04
111 6.342262843129e+04
114 6.408533717356e+04
117 6.312431595325e+04
120 6.378139656724e+04
123 6.283013755841e+04
126 6.348168654687e+04
129 6.253999853900e+04
132 6.318610991673e+04
135 6.225380720236e+04
138 6.289457258169e+04
141 6.197147474845e+04
144 6.260698342096e+04
147 6.169291515339e+04
150 6.232325416823e+04
153 6.141804505868e+04
156 6.204329929759e+04
159 6.114678366579e+04
162 6.176703591497e+04
165 6.087905263581e+04
168 6.149438365486e+04
171 6.061477599388e+04
174 6.122526458184e+04
177 6.035388003811e+04
180 6.095960309689e+04
183 6.009629325275e+04
186 6.069732584799e+04
189 5.984194622542e+04
192 6.043836164486e+04
195 5.959077156813e+04
198 6.018264137773e+04
201 5.934270384184e+04
204 5.993009793968e+04
207 5.909767948456e+04
210 5.968066615261e+04
213 5.885563674253e+04
216 5.943428269643e+04
219 5.861651560455e+04
222 5.919088604150e+04
225 5.838025773918e+04
228 5.895041638398e+04
231 5.814680643471e+04
234 5.871281558403e+04
237 5.791610654167e+04
240 5.847802710675e+04
243 5.768810441789e+04
246 5.824599596555e+04
249 5.746274787586e+04
252 5.801666866807e+04
255 5.723998613238e+04
258 5.778999316430e+04
261 5.701976976021e+04
264 5.756591879697e+04
267 5.680205064189e+04
270 5.734439625388e+04
273 5.658678192535e+04
276 5.712537752239e+04
279 5.637391798141e+04
282 5.690881584561e+04
285 5.616341436301e+04
288 5.669466568050e+04
291 5.595522776603e+04
294 5.648288265760e+04
297 5.574931599180e+04
300 5.627342354242e+04
303 5.554563791098e+04
306 5.606624619836e+04
309 5.534415342899e+04
312 5.586130955108e+04
315 5.514482345266e+04
318 5.565857355432e+04
321 5.494760985835e+04
324 5.545799915700e+04
327 5.475247546118e+04
330 5.525954827165e+04
333 5.455938398546e+04
336 5.506318374405e+04
339 5.436830003633e+04
342 5.486886932397e+04
345 5.417918907237e+04
348 5.467656963709e+04
351 5.399201737934e+04
354 5.448625015797e+04
357 5.380675204483e+04
360 5.429787718404e+04
363 5.362336093387e+04
366 5.411141781047e+04
369 5.344181266550e+04
372 5.392683990614e+04
375 5.326207659012e+04
378 5.374411209030e+04
381 5.308412276768e+04
384 5.356320371025e+04
387 5.290792194673e+04
390 5.338408481970e+04
393 5.273344554413e+04
396 5.320672615801e+04
399 5.256066562552e+04
402 5.303109913010e+04
405 5.238955488655e+04
408 5.285717578711e+04
411 5.222008663463e+04
414 5.268492880772e+04
417 5.205223477147e+04
420 5.251433148018e+04
423 5.188597377613e+04
426 5.234535768488e+04
429 5.172127868868e+04
432 5.217798187761e+04
435 5.155812509444e+04
438 5.201217907333e+04
441 5.139648910877e+04
444 5.184792483054e+04
447 5.123634736230e+04
450 5.168519523615e+04
453 5.107767698675e+04
456 5.152396689091e+04
459 5.092045560119e+04
462 5.136421689523e+04
465 5.076466129875e+04
468 5.120592283562e+04
471 5.061027263376e+04
474 5.104906277144e+04
477 5.045726860936e+04
480 5.089361522216e+04
483 5.030562866545e+04
486 5.073955915503e+04
489 5.015533266710e+04
492 5.058687397315e+04
495 5.000636089330e+04
498 5.043553950390e+04
501 4.985869402605e+04
504 5.028553598781e+04
507 4.971231313985e+04
510 5.013684406767e+04
513 4.956719969149e+04
516 4.998944477813e+04
519 4.942333551017e+04
522 4.984331953551e+04
525 4.928070278792e+04
528 4.969845012800e+04
531 4.913928407035e+04
534 4.955481870613e+04
537 4.899906224767e+04
540 4.941240777356e+04
543 4.886002054596e+04
546 4.927120017814e+04
549 4.872214251875e+04
552 4.913117910326e+04
555 4.858541203885e+04
558 4.899232805944e+04
561 4.844981329042e+04
564 4.885463087621e+04
567 4.831533076123e+04
570 4.871807169419e+04
573 4.818194923528e+04
576 4.858263495747e+04
579 4.804965378549e+04
582 4.844830540616e+04
585 4.791842976675e+04
588 4.831506806918e+04
591 4.778826280903e+04
594 4.818290825728e+04
597 4.765913881081e+04
600 4.805181155625e+04
603 4.753104393268e+04
606 4.792176382034e+04
609 4.740396459104e+04
612 4.779275116586e+04
615 4.727788745210e+04
618 4.766475996495e+04
621 4.715279942601e+04
624 4.753777683958e+04
627 4.702868766109e+04
630 4.741178865567e+04
633 4.690553953834e+04
636 4.728678251742e+04
639 4.678334266603e+04
642 4.716274576176e+04
645 4.666208487443e+04
648 4.703966595297e+04
651 4.654175421078e+04
654 4.691753087748e+04
657 4.642233893430e+04
660 4.679632853878e+04
663 4.630382751136e+04
666 4.667604715250e+04
669 4.618620861086e+04
672 4.655667514159e+04
675 4.606947109962e+04
678 4.643820113165e+04
681 4.595360403799e+04
684 4.632061394641e+04
687 4.583859667553e+04
690 4.620390260332e+04
693 4.572443844681e+04
696 4.608805630922e+04
699 4.561111896737e+04
702 4.597306445620e+04
705 4.549862802971e+04
708 4.585891661749e+04
711 4.538695559946e+04
714 4.574560254354e+04
717 4.527609181160e+04
720 4.563311215814e+04
723 4.516602696682e+04
726 4.552143555469e+04
729 4.505675152793e+04
732 4.541056299253e+04
735 4.494825611644e+04
738 4.530048489338e+04
741 4.484053150910e+04
744 4.519119183789e+04
747 4.473356863469e+04
750 4.508267456226e+04
753 4.462735857078e+04
756 4.497492395496e+04
759 4.452189254058e+04
762 4.486793105349e+04
765 4.441716190994e+04
768 4.476168704131e+04
771 4.431315818434e+04
774 4.465618324478e+04
777 4.420987300605e+04
780 4.455141113018e+04
783 4.410729815125e+04
786 4.444736230083e+04
789 4.400542552733e+04
792 4.434402849429e+04
795 4.390424717019e+04
798 4.424140157959e+04
801 4.380375524162e+04
804 4.413947355456e+04
807 4.370394202677e+04
810 4.403823654322e+04
813 4.360479993165e+04
816 4.393768279324e+04
819 4.350632148071e+04
822 4.383780467344e+04
825 4.340849931448e+04
828 4.373859467139e+04
831 4.331132618723e+04
834 4.364004539101e+04
837 4.321479496479e+04
840 4.354214955029e+04
843 4.311889862227e+04
846 4.344489997902e+04
849 4.302363024196e+04
852 4.334828961664e+04
855 4.292898301124e+04
858 4.325231151001e+04
861 4.283495022050e+04
864 4.315695881139e+04
867 4.274152526118e+04
870 4.306222477636e+04
873 4.264870162383e+04
876 4.296810276184e+04
879 4.255647289614e+04
882 4.287458622414e+04
885 4.246483276117e+04
888 4.278166871704e+04
891 4.237377499548e+04
894 4.268934388993e+04
897 4.228329346735e+04
900 4.259760548603e+04
903 4.219338213510e+04
906 4.250644734058e+04
909 4.210403504534e+04
912 4.241586337912e+04
915 4.201524633135e+04
918 4.232584761579e+04
921 4.192701021147e+04
924 4.223639415168e+04
927 4.183932098749e+04
930 4.214749717324e+04
933 4.175217304312e+04
936 4.205915095063e+04
939 4.166556084250e+04
942 4.197134983624e+04
945 4.157947892871e+04
948 4.188408826316e+04
951 4.149392192231e+04
954 4.179736074370e+04
957 4.140888451997e+04
960 4.171116186794e+04
963 4.132436149306e+04
966 4.162548630233e+04
969 4.124034768630e+04
972 4.154032878831e+04
975 4.115683801649e+04
978 4.145568414096e+04
981 4.107382747114e+04
984 4.137154724765e+04
987 4.099131110727e+04
990 4.128791306681e+04
993 4.090928405017e+04
996 4.120477662660e+04
999 4.082774149217e+04
