0 1.000000000000e+00
4 2.477229939657e+00
8 3.598424444572e-01
12 1.090877615605e+01
16 1.187882335165e+01
20 1.299128933982e+01
24 1.426686899263e+01
28 1.572684171499e+01
32 1.739103391712e+01
36 1.927438330029e+01
40 2.138171943847e+01
44 2.370068399736e+01
48 2.619348122800e+01
52 2.878945547181e+01
56 3.138200583517e+01
60 3.383403802893e+01
64 3.599454182139e+01
68 3.772433748894e+01
72 3.892341574921e+01
76 3.954967389972e+01
80 3.962209141926e+01
84 3.920874059931e+01
88 3.840632648414e+01
92 3.731949050639e+01
96 3.604542229612e+01
100 3.466540978654e+01
104 3.324220806451e+01
108 3.182110629093e+01
112 3.043275572976e+01
116 2.909644800677e+01
120 2.782313947614e+01
124 2.661794016309e+01
128 2.548202444127e+01
132 2.441403014482e+01
136 2.341104781291e+01
140 2.246930035859e+01
144 2.158459780640e+01
148 2.075263302880e+01
152 1.996916742664e+01
156 1.923014176919e+01
160 1.853173698640e+01
164 1.787040208721e+01
168 1.724286094554e+01
172 1.664610588485e+01
176 1.607738335059e+01
180 1.553417514263e+01
184 1.501417743642e+01
188 1.451527897293e+01
192 1.403553921616e+01
196 1.357316687477e+01
200 1.312649889664e+01
204 1.269397982641e+01
208 1.227414122880e+01
212 1.186558069296e+01
216 1.146693971106e+01
220 1.107687942383e+01
224 1.069405278318e+01
228 1.031707099233e+01
232 9.944460963118e+00
236 9.574608642716e+00
240 9.205679756743e+00
244 8.835503476434e+00
248 8.461392923723e+00
252 8.079852853712e+00
256 7.686073583485e+00
260 7.272989744329e+00
264 6.829374810504e+00
268 6.335615744440e+00
272 5.754314953209e+00
276 5.058710286816e+00
280 3.163309724485e+00
284 6.795727979241e+03
288 7.055219552457e+03
292 7.331055635724e+03
296 7.624495213391e+03
300 7.936888299430e+03
304 8.269676594942e+03
308 8.624391728630e+03
312 9.002650171538e+03
316 9.406143683256e+03
320 9.836623877001e+03
324 1.029587919230e+04
328 1.078570225234e+04
332 1.130784528789e+04
336 1.186396107976e+04
340 1.245552678155e+04
344 1.308374813925e+04
348 1.374944216443e+04
352 1.445289741390e+04
356 1.519371286616e+04
360 1.597061913105e+04
364 1.678128947044e+04
368 1.762215276749e+04
372 1.848822581180e+04
376 1.937298735118e+04
380 2.026832016536e+04
384 2.116454847283e+04
388 2.205059473026e+04
392 2.291427114108e+04
396 2.374270673381e+04
400 2.452289198118e+04
404 2.524230258773e+04
408 2.588954656972e+04
412 2.645496864407e+04
416 2.693114660584e+04
420 2.731322669029e+04
424 2.759906671810e+04
428 2.778918242412e+04
432 2.788651800360e+04
436 2.789608150569e+04
440 2.782449625913e+04
444 2.767952059976e+04
448 2.746958152714e+04
452 2.720335651220e+04
456 2.688942463742e+04
460 2.653599609854e+04
464 2.615071938613e+04
468 2.574055879580e+04
472 2.531173116625e+04
476 2.486968937318e+04
480 2.441914042365e+04
484 2.396408733696e+04
488 2.350788582861e+04
492 2.305330875350e+04
496 2.260261307595e+04
500 2.215760569351e+04
504 2.171970570665e+04
508 2.129000170191e+04
512 2.086930333515e+04
516 2.045818700792e+04
520 2.005703576814e+04
524 1.966607377723e+04
528 1.928539580421e+04
532 1.891499226040e+04
536 1.855477029810e+04
540 1.820457147772e+04
544 1.786418647353e+04
548 1.753336724409e+04
552 1.721183704708e+04
556 1.689929863179e+04
560 1.659544089840e+04
564 1.629994427272e+04
568 1.601248500883e+04
572 1.573273859958e+04
576 1.546038244718e+04
580 1.519509792147e+04
584 1.493657191283e+04
588 1.468449796871e+04
592 1.443857708790e+04
596 1.419851823348e+04
600 1.396403861477e+04
604 1.373486377951e+04
608 1.351072754952e+04
612 1.329137182662e+04
616 1.307654629003e+04
620 1.286600800156e+04
624 1.265952093057e+04
628 1.245685540726e+04
632 1.225778750893e+04
636 1.206209838111e+04
640 1.186957349199e+04
644 1.168000181532e+04
648 1.149317493373e+04
652 1.130888605017e+04
656 1.112692889073e+04
660 1.094709647673e+04
664 1.076917973663e+04
668 1.059296592005e+04
672 1.041823676419e+04
676 1.024476634827e+04
680 1.007231855088e+04
684 9.900643997571e+03
688 9.729476347265e+03
692 9.558527712012e+03
696 9.387482926870e+03
700 9.215992273619e+03
704 9.043662094027e+03
708 8.870042473425e+03
712 8.694610779185e+03
716 8.516749206415e+03
720 8.335713443501e+03
724 8.150587801242e+03
728 7.960219019878e+03
732 7.763115175830e+03
736 7.557284805319e+03
740 7.339967872588e+03
744 7.107157593145e+03
748 6.852683030371e+03
752 6.566268876166e+03
756 6.228892668427e+03
760 5.800156762761e+03
764 5.204018775344e+03
768 5.686157131722e+03
772 1.028022343102e+04
776 4.755781048536e+03
780 1.037700437480e+06
784 1.050256888889e+06
788 1.063097808319e+06
792 1.076232393494e+06
796 1.089670221621e+06
800 1.103421268097e+06
804 1.117495926277e+06
808 1.131905028349e+06
812 1.146659867405e+06
816 1.161772220755e+06
820 1.177254374589e+06
824 1.193119150051e+06
828 1.209379930814e+06
832 1.226050692257e+06
836 1.243146032338e+06
840 1.260681204262e+06
844 1.278672151064e+06
848 1.297135542219e+06
852 1.316088812395e+06
856 1.335550202498e+06
860 1.355538803129e+06
864 1.376074600598e+06
868 1.397178525668e+06
872 1.418872505154e+06
876 1.441179516575e+06
880 1.464123646011e+06
884 1.487730149358e+06
888 1.512025517155e+06
892 1.537037543183e+06
896 1.562795397030e+06
900 1.589329700815e+06
904 1.616672610278e+06
908 1.644857900427e+06
912 1.673921055941e+06
916 1.703899366517e+06
920 1.734832027334e+06
924 1.766760244787e+06
928 1.799727347645e+06
932 1.833778903710e+06
936 1.868962842062e+06
940 1.905329580891e+06
944 1.942932160861e+06
948 1.981826383870e+06
952 2.022070956968e+06
956 2.063727641062e+06
960 2.106861403902e+06
964 2.151540576636e+06
968 2.197837013015e+06
972 2.245826250057e+06
976 2.295587668646e+06
980 2.347204652196e+06
984 2.400764741018e+06
988 2.456359779516e+06
992 2.514086052725e+06
996 2.574044407948e+06
