0 1.000000000000e+00
2 1.255633224184e+00
4 1.037688973681e+00
6 8.605405959962e-01
8 7.202134601101e-01
10 6.112041612493e-01
12 5.276732314245e-01
14 4.641033905977e-01
16 4.156337506446e-01
18 3.782034526811e-01
20 3.485676859061e-01
22 3.242242738209e-01
24 3.032911914828e-01
26 2.843770060589e-01
28 2.664779067497e-01
30 2.489199193708e-01
32 2.313453617415e-01
34 2.137182895883e-01
36 1.963021802246e-01
38 1.795667983230e-01
40 1.640267261559e-01
42 1.500734570544e-01
44 1.378762218864e-01
46 1.273787848329e-01
48 1.183623854716e-01
50 1.105260302746e-01
52 1.035510634598e-01
54 9.714064770073e-02
56 9.103992092219e-02
58 8.504725924908e-02
60 7.902497014592e-02
62 7.291192343288e-02
64 6.673311502693e-02
66 6.059555513122e-02
68 5.466201737562e-02
70 4.910628970581e-02
72 4.406708774244e-02
74 3.961948609315e-02
76 3.577098738879e-02
78 3.247599676403e-02
80 2.965731302403e-02
82 2.722577962276e-02
84 2.509418953857e-02
86 2.318531168416e-02
88 2.143566084083e-02
90 1.979687431895e-02
92 1.823600189642e-02
94 1.673518973093e-02
96 1.529051367646e-02
98 1.390941298195e-02
100 1.260650241578e-02
102 1.139835501426e-02
104 1.029856568760e-02
106 9.314424495520e-03
108 8.445811287777e-03
110 7.686019194332e-03
112 7.023682800105e-03
114 6.444965036458e-03
116 5.935440181653e-03
118 5.481443535678e-03
120 5.070898054721e-03
122 4.693744162678e-03
124 4.342117818133e-03
126 4.010383506005e-03
128 3.695067667402e-03
130 3.394682009960e-03
132 3.109398975637e-03
134 2.840559299891e-03
136 2.590049956074e-03
138 2.359658130572e-03
140 2.150538291377e-03
142 1.962899771071e-03
144 1.795947415400e-03
146 1.648030545155e-03
148 1.516911673283e-03
150 1.400064817938e-03
152 1.294940002959e-03
154 1.199165238278e-03
156 1.110684826181e-03
158 1.027846811258e-03
160 9.494531337611e-04
162 8.747778412170e-04
164 8.035480953162e-04
166 7.358773893563e-04
168 6.721465936890e-04
170 6.128460511636e-04
172 5.584114767702e-04
174 5.090939407628e-04
176 4.648927620089e-04
178 4.255563486180e-04
180 3.906341709315e-04
182 3.595532814387e-04
184 3.316955983962e-04
186 3.064616278551e-04
188 2.833159690993e-04
190 2.618161642498e-04
192 2.416285118073e-04
194 2.225334766954e-04
196 2.044211592142e-04
198 1.872758935445e-04
200 1.711498569355e-04
202 1.561286362968e-04
204 1.422952768330e-04
206 1.297008280819e-04
208 1.183473974356e-04
210 1.081852590060e-04
212 9.912120566228e-05
214 9.103307614900e-05
216 8.378554379873e-05
218 7.724385762751e-05
220 7.128408910494e-05
222 6.579980351717e-05
224 6.070572741320e-05
226 5.593905861175e-05
228 5.145883979156e-05
230 4.724357435294e-05
232 4.328721289122e-05
234 3.959384893708e-05
236 3.617182479904e-05
238 3.302822459319e-05
240 3.016470534238e-05
242 2.757525029796e-05
244 2.524588890556e-05
246 2.315596082314e-05
248 2.128027008025e-05
250 1.959149386137e-05
252 1.806238686430e-05
254 1.666754112530e-05
256 1.538463926488e-05
258 1.419524070828e-05
260 1.308516834067e-05
262 1.204454275034e-05
264 1.106747799032e-05
266 1.015144104019e-05
268 9.296308126347e-06
270 8.503220224961e-06
272 7.773413767721e-06
274 7.107234240445e-06
276 6.503501459784e-06
278 5.959297400875e-06
280 5.470135062292e-06
282 5.030387116958e-06
284 4.633828521351e-06
286 4.274170377853e-06
288 3.945508829547e-06
290 3.642658164216e-06
292 3.361366988940e-06
294 3.098427243223e-06
296 2.851683537644e-06
298 2.619944853026e-06
300 2.402801924409e-06
302 2.200366593178e-06
304 2.012970213517e-06
306 1.840875107695e-06
308 1.684053716752e-06
310 1.542070898508e-06
312 1.414074230911e-06
314 1.298869516229e-06
316 1.195044430215e-06
318 1.101104002027e-06
320 1.015591965528e-06
322 9.371847632650e-07
324 8.647549460187e-07
326 7.974059955030e-07
328 7.344819056039e-07
330 6.755542205424e-07
332 6.203888345497e-07
334 5.688960975902e-07
336 5.210705927341e-07
338 4.769298516315e-07
340 4.364622132587e-07
342 3.995918539658e-07
344 3.661643477771e-07
346 3.359509404232e-07
348 3.086660519201e-07
350 2.839912877147e-07
352 2.616001065386e-07
354 2.411792482042e-07
356 2.224450555892e-07
358 2.051543151079e-07
360 1.891100176295e-07
362 1.741626496190e-07
364 1.602075509229e-07
366 1.471788149897e-07
368 1.350403507953e-07
370 1.237750902028e-07
372 1.133737445449e-07
374 1.038247293220e-07
376 9.510668852874e-08
378 8.718445931654e-08
380 8.000852814284e-08
382 7.351732890159e-08
384 6.764133401145e-08
386 6.230784230193e-08
388 5.744558249040e-08
390 5.298857631439e-08
392 4.887900594807e-08
394 4.506903031111e-08
396 4.152158349013e-08
398 3.821020390500e-08
400 3.511794642754e-08
402 3.223547616913e-08
404 2.955855128370e-08
406 2.708524014838e-08
408 2.481331326245e-08
410 2.273823319134e-08
412 2.085202016549e-08
414 1.914304814277e-08
416 1.759661486257e-08
418 1.619600222249e-08
420 1.492372243774e-08
422 1.376270523471e-08
424 1.269727460659e-08
426 1.171384889874e-08
428 1.080135353465e-08
430 9.951360482705e-09
