0 1.000000000000e+00
4 4.489601063865e+03
8 4.489601102385e+03
12 4.489601140905e+03
16 4.489601179426e+03
20 4.489601217946e+03
24 4.489601256466e+03
28 4.489601294986e+03
32 4.489601333506e+03
36 4.489601372026e+03
40 4.489601410546e+03
44 4.489601449067e+03
48 4.489601487587e+03
52 4.489601526107e+03
56 4.489601564627e+03
60 4.489601603147e+03
64 4.489601641667e+03
68 4.489601680188e+03
72 4.489601718708e+03
76 4.489601757228e+03
80 4.489601795748e+03
84 4.489601834268e+03
88 4.489601872788e+03
92 4.489601911308e+03
96 4.489601949829e+03
100 4.489601988349e+03
104 4.489602026869e+03
108 4.489602065389e+03
112 4.489602103909e+03
116 4.489602142429e+03
120 4.489602180950e+03
124 4.489602219470e+03
128 4.489602257990e+03
132 4.489602296510e+03
136 4.489602335030e+03
140 4.489602373550e+03
144 4.489602412071e+03
148 4.489602450591e+03
152 4.489602489111e+03
156 4.489602527631e+03
160 4.489602566151e+03
164 4.489602604671e+03
168 4.489602643191e+03
172 4.489602681712e+03
176 4.489602720232e+03
180 4.489602758752e+03
184 4.489602797272e+03
188 4.489602835792e+03
192 4.489602874312e+03
196 4.489602912833e+03
200 4.489602951353e+03
204 4.489602989873e+03
208 4.489603028393e+03
212 4.489603066913e+03
216 4.489603105433e+03
220 4.489603143954e+03
224 4.489603182474e+03
228 4.489603220994e+03
232 4.489603259514e+03
236 4.489603298034e+03
240 4.489603336554e+03
244 4.489603375075e+03
248 4.489603413595e+03
252 4.489603452115e+03
256 4.489603490635e+03
260 4.489603529155e+03
264 4.489603567676e+03
268 4.489603606196e+03
272 4.489603644716e+03
276 4.489603683236e+03
280 4.489603721756e+03
284 4.489603760276e+03
288 4.489603798797e+03
292 4.489603837317e+03
296 4.489603875837e+03
300 4.489603914357e+03
304 4.489603952877e+03
308 4.489603991397e+03
312 4.489604029918e+03
316 4.489604068438e+03
320 4.489604106958e+03
324 4.489604145478e+03
328 4.489604183998e+03
332 4.489604222518e+03
336 4.489604261039e+03
340 4.489604299559e+03
344 4.489604338079e+03
348 4.489604376599e+03
352 4.489604415119e+03
356 4.489604453640e+03
360 4.489604492160e+03
364 4.489604530680e+03
368 4.489604569200e+03
372 4.489604607720e+03
376 4.489604646240e+03
380 4.489604684761e+03
384 4.489604723281e+03
388 4.489604761801e+03
392 4.489604800321e+03
396 4.489604838841e+03
400 4.489604877362e+03
404 4.489604915882e+03
408 4.489604954402e+03
412 4.489604992922e+03
416 4.489605031442e+03
420 4.489605069962e+03
424 4.489605108483e+03
428 4.489605147003e+03
432 4.489605185523e+03
436 4.489605224043e+03
440 4.489605262563e+03
444 4.489605301084e+03
448 4.489605339604e+03
452 4.489605378124e+03
456 4.489605416644e+03
460 4.489605455164e+03
464 4.489605493684e+03
468 4.489605532205e+03
472 4.489605570725e+03
476 4.489605609245e+03
480 4.489605647765e+03
484 4.489605686285e+03
488 4.489605724806e+03
492 4.489605763326e+03
496 4.489605801846e+03
500 4.489605840366e+03
504 4.489605878886e+03
508 4.489605917407e+03
512 4.489605955927e+03
516 4.489605994447e+03
520 4.489606032967e+03
524 4.489606071487e+03
528 4.489606110008e+03
532 4.489606148528e+03
536 4.489606187048e+03
540 4.489606225568e+03
544 4.489606264088e+03
548 4.489606302609e+03
552 4.489606341129e+03
556 4.489606379649e+03
560 4.489606418169e+03
564 4.489606456689e+03
568 4.489606495209e+03
572 4.489606533730e+03
576 4.489606572250e+03
580 4.489606610770e+03
584 4.489606649290e+03
588 4.489606687810e+03
592 4.489606726331e+03
596 4.489606764851e+03
600 4.489606803371e+03
604 4.489606841891e+03
608 4.489606880411e+03
612 4.489606918932e+03
616 4.489606957452e+03
620 4.489606995972e+03
624 4.489607034492e+03
628 4.489607073012e+03
632 4.489607111533e+03
636 4.489607150053e+03
640 4.489607188573e+03
644 4.489607227093e+03
648 4.489607265613e+03
652 4.489607304134e+03
656 4.489607342654e+03
660 4.489607381174e+03
664 4.489607419694e+03
668 4.489607458214e+03
672 4.489607496735e+03
676 4.489607535255e+03
680 4.489607573775e+03
684 4.489607612295e+03
688 4.489607650816e+03
692 4.489607689336e+03
696 4.489607727856e+03
700 4.489607766376e+03
704 4.489607804896e+03
708 4.489607843417e+03
712 4.489607881937e+03
716 4.489607920457e+03
720 4.489607958977e+03
724 4.489607997497e+03
728 4.489608036018e+03
732 4.489608074538e+03
736 4.489608113058e+03
740 4.489608151578e+03
744 4.489608190098e+03
748 4.489608228619e+03
752 4.489608267139e+03
756 4.489608305659e+03
760 4.489608344179e+03
764 4.489608382700e+03
768 4.489608421220e+03
772 4.489608459740e+03
776 4.489608498260e+03
780 4.489608536780e+03
784 4.489608575301e+03
788 4.489608613821e+03
792 4.489608652341e+03
796 4.489608690861e+03
800 4.489608729381e+03
804 4.489608767902e+03
808 4.489608806422e+03
812 4.489608844942e+03
816 4.489608883462e+03
820 4.489608921983e+03
824 4.489608960503e+03
828 4.489608999023e+03
832 4.489609037543e+03
836 4.489609076063e+03
840 4.489609114584e+03
844 4.489609153104e+03
848 4.489609191624e+03
852 4.489609230144e+03
856 4.489609268664e+03
860 4.489609307185e+03
864 4.489609345705e+03
868 4.489609384225e+03
872 4.489609422745e+03
876 4.489609461266e+03
880 4.489609499786e+03
884 4.489609538306e+03
888 4.489609576826e+03
892 4.489609615346e+03
896 4.489609653867e+03
900 4.489609692387e+03
904 4.489609730907e+03
908 4.489609769427e+03
912 4.489609807948e+03
916 4.489609846468e+03
920 4.489609884988e+03
924 4.489609923508e+03
928 4.489609962029e+03
932 4.489610000549e+03
936 4.489610039069e+03
940 4.489610077589e+03
944 4.489610116109e+03
948 4.489610154630e+03
952 4.489610193150e+03
956 4.489610231670e+03
960 4.489610270190e+03
964 4.489610308711e+03
968 4.489610347231e+03
972 4.489610385751e+03
976 4.489610424271e+03
980 4.489610462791e+03
984 4.489610501312e+03
988 4.489610539832e+03
992 4.489610578352e+03
996 4.489610616872e+03
