0 1.000000000000e+00
3 5.959124315971e+00
6 5.957396347568e+00
9 5.955668889992e+00
12 5.953941943256e+00
15 5.952215507375e+00
18 5.950489582361e+00
21 5.948764168226e+00
24 5.947039264985e+00
27 5.945314872649e+00
30 5.943590991232e+00
33 5.941867620745e+00
36 5.940144761201e+00
39 5.938422412611e+00
42 5.936700574989e+00
45 5.934979248345e+00
48 5.933258432691e+00
51 5.931538128040e+00
54 5.929818334401e+00
57 5.928099051787e+00
60 5.926380280208e+00
63 5.924662019675e+00
66 5.922944270200e+00
69 5.921227031792e+00
72 5.919510304463e+00
75 5.917794088222e+00
78 5.916078383080e+00
81 5.914363189047e+00
84 5.912648506132e+00
87 5.910934334346e+00
90 5.909220673698e+00
93 5.907507524197e+00
96 5.905794885853e+00
99 5.904082758675e+00
102 5.902371142672e+00
105 5.900660037853e+00
108 5.898949444227e+00
111 5.897239361801e+00
114 5.895529790585e+00
117 5.893820730587e+00
120 5.892112181815e+00
123 5.890404144277e+00
126 5.888696617981e+00
129 5.886989602935e+00
132 5.885283099146e+00
135 5.883577106621e+00
138 5.881871625368e+00
141 5.880166655394e+00
144 5.878462196707e+00
147 5.876758249312e+00
150 5.875054813216e+00
153 5.873351888427e+00
156 5.871649474950e+00
159 5.869947572792e+00
162 5.868246181959e+00
165 5.866545302456e+00
168 5.864844934291e+00
171 5.863145077467e+00
174 5.861445731992e+00
177 5.859746897870e+00
180 5.858048575107e+00
183 5.856350763708e+00
186 5.854653463677e+00
189 5.852956675020e+00
192 5.851260397741e+00
195 5.849564631845e+00
198 5.847869377336e+00
201 5.846174634219e+00
204 5.844480402497e+00
207 5.842786682175e+00
210 5.841093473257e+00
213 5.839400775745e+00
216 5.837708589644e+00
219 5.836016914958e+00
222 5.834325751689e+00
225 5.832635099840e+00
228 5.830944959415e+00
231 5.829255330416e+00
234 5.827566212846e+00
237 5.825877606708e+00
240 5.824189512004e+00
243 5.822501928736e+00
246 5.820814856907e+00
249 5.819128296518e+00
252 5.817442247571e+00
255 5.815756710069e+00
258 5.814071684012e+00
261 5.812387169403e+00
264 5.810703166241e+00
267 5.809019674529e+00
270 5.807336694268e+00
273 5.805654225458e+00
276 5.803972268101e+00
279 5.802290822196e+00
282 5.800609887744e+00
285 5.798929464746e+00
288 5.797249553201e+00
291 5.795570153111e+00
294 5.793891264474e+00
297 5.792212887290e+00
300 5.790535021560e+00
303 5.788857667282e+00
306 5.787180824455e+00
309 5.785504493080e+00
312 5.783828673155e+00
315 5.782153364679e+00
318 5.780478567651e+00
321 5.778804282069e+00
324 5.777130507933e+00
327 5.775457245239e+00
330 5.773784493988e+00
333 5.772112254176e+00
336 5.770440525801e+00
339 5.768769308863e+00
342 5.767098603357e+00
345 5.765428409282e+00
348 5.763758726635e+00
351 5.762089555414e+00
354 5.760420895615e+00
357 5.758752747235e+00
360 5.757085110272e+00
363 5.755417984722e+00
366 5.753751370581e+00
369 5.752085267847e+00
372 5.750419676515e+00
375 5.748754596582e+00
378 5.747090028043e+00
381 5.745425970895e+00
384 5.743762425133e+00
387 5.742099390753e+00
390 5.740436867751e+00
393 5.738774856121e+00
396 5.737113355859e+00
399 5.735452366960e+00
402 5.733791889419e+00
405 5.732131923231e+00
408 5.730472468391e+00
411 5.728813524892e+00
414 5.727155092730e+00
417 5.725497171899e+00
420 5.723839762392e+00
423 5.722182864204e+00
426 5.720526477329e+00
429 5.718870601760e+00
432 5.717215237491e+00
435 5.715560384516e+00
438 5.713906042827e+00
441 5.712252212418e+00
444 5.710598893283e+00
447 5.708946085413e+00
450 5.707293788802e+00
453 5.705642003442e+00
456 5.703990729326e+00
459 5.702339966447e+00
462 5.700689714795e+00
465 5.699039974365e+00
468 5.697390745147e+00
471 5.695742027133e+00
474 5.694093820316e+00
477 5.692446124686e+00
480 5.690798940236e+00
483 5.689152266956e+00
486 5.687506104837e+00
489 5.685860453871e+00
492 5.684215314049e+00
495 5.682570685361e+00
498 5.680926567799e+00
501 5.679282961351e+00
504 5.677639866010e+00
507 5.675997281765e+00
510 5.674355208606e+00
513 5.672713646524e+00
516 5.671072595507e+00
519 5.669432055547e+00
522 5.667792026632e+00
525 5.666152508751e+00
528 5.664513501895e+00
531 5.662875006053e+00
534 5.661237021213e+00
537 5.659599547364e+00
540 5.657962584495e+00
543 5.656326132595e+00
546 5.654690191653e+00
549 5.653054761657e+00
552 5.651419842594e+00
555 5.649785434454e+00
558 5.648151537224e+00
561 5.646518150892e+00
564 5.644885275446e+00
567 5.643252910873e+00
570 5.641621057161e+00
573 5.639989714298e+00
576 5.638358882270e+00
579 5.636728561065e+00
582 5.635098750669e+00
585 5.633469451070e+00
588 5.631840662254e+00
591 5.630212384208e+00
594 5.628584616918e+00
597 5.626957360370e+00
600 5.625330614551e+00
603 5.623704379447e+00
606 5.622078655043e+00
609 5.620453441326e+00
612 5.618828738281e+00
615 5.617204545894e+00
618 5.615580864150e+00
621 5.613957693034e+00
624 5.612335032532e+00
627 5.610712882628e+00
630 5.609091243308e+00
633 5.607470114556e+00
636 5.605849496357e+00
639 5.604229388696e+00
642 5.602609791556e+00
645 5.600990704922e+00
648 5.599372128778e+00
651 5.597754063109e+00
654 5.596136507897e+00
657 5.594519463128e+00
660 5.592902928783e+00
663 5.591286904848e+00
666 5.589671391305e+00
669 5.588056388138e+00
672 5.586441895329e+00
675 5.584827912861e+00
678 5.583214440718e+00
681 5.581601478883e+00
684 5.579989027337e+00
687 5.578377086063e+00
690 5.576765655044e+00
693 5.575154734262e+00
696 5.573544323699e+00
699 5.571934423336e+00
702 5.570325033157e+00
705 5.568716153142e+00
708 5.567107783273e+00
711 5.565499923531e+00
714 5.563892573898e+00
717 5.562285734356e+00
720 5.560679404884e+00
723 5.559073585465e+00
726 5.557468276078e+00
729 5.555863476706e+00
732 5.554259187327e+00
735 5.552655407924e+00
738 5.551052138475e+00
741 5.549449378962e+00
744 5.547847129364e+00
747 5.546245389661e+00
750 5.544644159834e+00
753 5.543043439861e+00
756 5.541443229723e+00
759 5.539843529399e+00
762 5.538244338868e+00
765 5.536645658109e+00
768 5.535047487102e+00
771 5.533449825826e+00
774 5.531852674259e+00
777 5.530256032380e+00
780 5.528659900168e+00
783 5.527064277601e+00
786 5.525469164658e+00
789 5.523874561316e+00
792 5.522280467555e+00
795 5.520686883351e+00
798 5.519093808683e+00
801 5.517501243528e+00
804 5.515909187864e+00
807 5.514317641669e+00
810 5.512726604920e+00
813 5.511136077594e+00
816 5.509546059668e+00
819 5.507956551119e+00
822 5.506367551925e+00
825 5.504779062061e+00
828 5.503191081505e+00
831 5.501603610233e+00
834 5.500016648222e+00
837 5.498430195447e+00
840 5.496844251885e+00
843 5.495258817512e+00
846 5.493673892304e+00
849 5.492089476236e+00
852 5.490505569284e+00
855 5.488922171424e+00
858 5.487339282631e+00
861 5.485756902881e+00
864 5.484175032148e+00
867 5.482593670408e+00
870 5.481012817636e+00
873 5.479432473806e+00
876 5.477852638893e+00
879 5.476273312872e+00
882 5.474694495717e+00
885 5.473116187402e+00
888 5.471538387902e+00
891 5.469961097191e+00
894 5.468384315243e+00
897 5.466808042031e+00
900 5.465232277529e+00
903 5.463657021711e+00
906 5.462082274551e+00
909 5.460508036022e+00
912 5.458934306096e+00
915 5.457361084748e+00
918 5.455788371950e+00
921 5.454216167675e+00
924 5.452644471896e+00
927 5.451073284585e+00
930 5.449502605716e+00
933 5.447932435259e+00
936 5.446362773189e+00
939 5.444793619477e+00
942 5.443224974094e+00
945 5.441656837014e+00
948 5.440089208207e+00
951 5.438522087646e+00
954 5.436955475301e+00
957 5.435389371146e+00
960 5.433823775150e+00
963 5.432258687286e+00
966 5.430694107523e+00
969 5.429130035834e+00
972 5.427566472189e+00
975 5.426003416559e+00
978 5.424440868915e+00
981 5.422878829227e+00
984 5.421317297465e+00
987 5.419756273600e+00
990 5.418195757602e+00
993 5.416635749441e+00
996 5.415076249087e+00
999 5.413517256510e+00
