0 1.000000000000e+00
2 6.609160184721e-03
4 4.267403463876e+01
6 1.159597632297e+01
8 5.164062806224e+00
10 3.385510107922e+00
12 2.563212817888e+00
14 2.096647552774e+00
16 1.801331022105e+00
18 1.601757187707e+00
20 1.461271705261e+00
22 1.359879893085e+00
24 1.285657509163e+00
26 1.230922373741e+00
28 1.190336117538e+00
30 1.159888770198e+00
32 1.136347883896e+00
34 1.117008359133e+00
36 1.099674965932e+00
38 1.082791895970e+00
40 1.065544275371e+00
42 1.047752126569e+00
44 1.029578631919e+00
46 1.011258122932e+00
48 9.929696028543e-01
50 9.748203765957e-01
52 9.568670170654e-01
54 9.391369148253e-01
56 9.216422041062e-01
58 9.043874207709e-01
60 8.873734173163e-01
62 8.705992925222e-01
64 8.540633236402e-01
66 8.377634111629e-01
68 8.216972891571e-01
70 8.058626239982e-01
72 7.902570603948e-01
74 7.748782426833e-01
76 7.597238245899e-01
78 7.447914736488e-01
80 7.300788731574e-01
82 7.155837230048e-01
84 7.013037399870e-01
86 6.872366578903e-01
88 6.733802274710e-01
90 6.597322163889e-01
92 6.462904091210e-01
94 6.330526068655e-01
96 6.200166274439e-01
98 6.071803052004e-01
100 5.945414909020e-01
102 5.820980516383e-01
104 5.698478707217e-01
106 5.577888475884e-01
108 5.459188976995e-01
110 5.342359524425e-01
112 5.227379590335e-01
114 5.114228804199e-01
116 5.002886951834e-01
118 4.893333974435e-01
120 4.785549967616e-01
122 4.679515180453e-01
124 4.575210014534e-01
126 4.472615023015e-01
128 4.371710909671e-01
130 4.272478527968e-01
132 4.174898880122e-01
134 4.078953116175e-01
136 3.984622533067e-01
138 3.891888573719e-01
140 3.800732826115e-01
142 3.711137022390e-01
144 3.623083037924e-01
146 3.536552890436e-01
148 3.451528739086e-01
150 3.367992883579e-01
152 3.285927763274e-01
154 3.205315956293e-01
156 3.126140178641e-01
158 3.048383283323e-01
160 2.972028259468e-01
162 2.897058231457e-01
164 2.823456458054e-01
166 2.751206331535e-01
168 2.680291376835e-01
170 2.610695250680e-01
172 2.542401740737e-01
174 2.475394764758e-01
176 2.409658369734e-01
178 2.345176731048e-01
180 2.281934151628e-01
182 2.219915061114e-01
184 2.159104015015e-01
186 2.099485693878e-01
188 2.041044902451e-01
190 1.983766568861e-01
192 1.927635743782e-01
194 1.872637599612e-01
196 1.818757429651e-01
198 1.765980647280e-01
200 1.714292785146e-01
202 1.663679494341e-01
204 1.614126543590e-01
206 1.565619818440e-01
208 1.518145320444e-01
210 1.471689166355e-01
212 1.426237587314e-01
214 1.381776928042e-01
216 1.338293646034e-01
218 1.295774310750e-01
220 1.254205602808e-01
222 1.213574313180e-01
224 1.173867342379e-01
226 1.135071699657e-01
228 1.097174502191e-01
230 1.060162974279e-01
232 1.024024446523e-01
234 9.887463550178e-02
236 9.543162405377e-02
238 9.207217477144e-02
240 8.879506242178e-02
242 8.559907199299e-02
244 8.248299861156e-02
246 7.944564745887e-02
248 7.648583368717e-02
250 7.360238233501e-02
252 7.079412824200e-02
254 6.805991596270e-02
256 6.539859967978e-02
258 6.280904311611e-02
260 6.029011944583e-02
262 5.784071120427e-02
264 5.545971019653e-02
266 5.314601740460e-02
268 5.089854289291e-02
270 4.871620571213e-02
272 4.659793380096e-02
274 4.454266388582e-02
276 4.254934137813e-02
278 4.061692026898e-02
280 3.874436302092e-02
282 3.693064045647e-02
284 3.517473164315e-02
286 3.347562377464e-02
288 3.183231204748e-02
290 3.024379953311e-02
292 2.870909704452e-02
294 2.722722299708e-02
296 2.579720326281e-02
298 2.441807101745e-02
300 2.308886657951e-02
302 2.180863724032e-02
304 2.057643708426e-02
306 1.939132679790e-02
308 1.825237346677e-02
310 1.715865035853e-02
312 1.610923669069e-02
314 1.510321738139e-02
316 1.413968278094e-02
318 1.321772838213e-02
320 1.233645450664e-02
322 1.149496596477e-02
324 1.069237168536e-02
326 9.927784312354e-03
328 9.200319764128e-03
330 8.509096751201e-03
332 7.853236247623e-03
334 7.231860910778e-03
336 6.644094443976e-03
338 6.089060895787e-03
340 5.565883889766e-03
342 5.073685778057e-03
344 4.611586712425e-03
346 4.178703626666e-03
348 3.774149125287e-03
350 3.397030274964e-03
352 3.046447297953e-03
354 2.721492170634e-03
356 2.421247136249e-03
358 2.144783149056e-03
360 1.891158278620e-03
362 1.659416117481e-03
364 1.448584256245e-03
366 1.257672911344e-03
368 1.085673829055e-03
370 9.315595997566e-04
372 7.942836215718e-04
374 6.727807828013e-04
376 5.659696097821e-04
378 4.727544913226e-04
380 3.920340118613e-04
382 3.226944347691e-04
384 2.636689858234e-04
386 2.137433884655e-04
388 1.724207278870e-04
390 1.362342277228e-04
392 1.145195509588e-04
394 2.329637561991e-03
396 4.074363907814e-03
398 1.281787643728e-02
400 3.668132954607e-02
402 3.334779691289e-03
404 1.790445942241e-03
406 1.256058327905e-03
408 9.920288752876e-04
410 8.395854514168e-04
412 7.442105229363e-04
414 6.820533931407e-04
416 6.408128992231e-04
418 6.131260202051e-04
420 5.937895504732e-04
422 5.785673507591e-04
424 5.641854006818e-04
426 5.492099364232e-04
428 5.339684716734e-04
430 5.189947960483e-04
432 5.044517292036e-04
434 4.903569629684e-04
436 4.766999954704e-04
438 4.634661299197e-04
440 4.506405102798e-04
442 4.382087628873e-04
444 4.261570792271e-04
446 4.144722071217e-04
448 4.031414277240e-04
450 3.921525312392e-04
452 3.814937935060e-04
454 3.711539537382e-04
456 3.611221934213e-04
458 3.513881163049e-04
460 3.419417294298e-04
462 3.327734251280e-04
464 3.238739639413e-04
466 3.152344584033e-04
468 3.068463576375e-04
470 2.987014327236e-04
472 2.907917627897e-04
474 2.831097217895e-04
476 2.756479659259e-04
478 2.683994216861e-04
480 2.613572744542e-04
482 2.545149576700e-04
484 2.478661425045e-04
486 2.414047280237e-04
488 2.351248318163e-04
490 2.290207810584e-04
492 2.230871039942e-04
494 2.173185218096e-04
496 2.117099408791e-04
498 2.062564453662e-04
500 2.009532901592e-04
502 1.957958941257e-04
504 1.907798336691e-04
506 1.859008365721e-04
508 1.811547761132e-04
510 1.765376654413e-04
512 1.720456521979e-04
514 1.676750133724e-04
516 1.634221503800e-04
518 1.592835843525e-04
520 1.552559516293e-04
522 1.513359994412e-04
524 1.475205817770e-04
526 1.438066554234e-04
528 1.401912761712e-04
530 1.366715951801e-04
532 1.332448554927e-04
534 1.299083886937e-04
536 1.266596117048e-04
538 1.234960237116e-04
540 1.204152032139e-04
542 1.174148051963e-04
544 1.144925584112e-04
546 1.116462627720e-04
548 1.088737868482e-04
550 1.061730654610e-04
552 1.035420973727e-04
554 1.009789430676e-04
556 9.848172261813e-05
558 9.604861363492e-05
560 9.367784929562e-05
562 9.136771644942e-05
564 8.911655379426e-05
566 8.692275012334e-05
568 8.478474263819e-05
570 8.270101532531e-05
572 8.067009739385e-05
574 7.869056177166e-05
576 7.676102365734e-05
578 7.488013912593e-05
580 7.304660378605e-05
582 7.125915148635e-05
584 6.951655306926e-05
586 6.781761517013e-05
588 6.616117905986e-05
590 6.454611952936e-05
592 6.297134381404e-05
594 6.143579055687e-05
596 5.993842880830e-05
598 5.847825706176e-05
600 5.705430232320e-05
602 5.566561921337e-05
604 5.431128910161e-05
606 5.299041926983e-05
608 5.170214210561e-05
610 5.044561432319e-05
612 4.922001621136e-05
614 4.802455090719e-05
616 4.685844369459e-05
618 4.572094132681e-05
620 4.461131137192e-05
622 4.352884158044e-05
624 4.247283927426e-05
626 4.144263075610e-05
628 4.043756073869e-05
630 3.945699179296e-05
632 3.850030381462e-05
634 3.756689350821e-05
636 3.665617388837e-05
638 3.576757379728e-05
640 3.490053743800e-05
642 3.405452392296e-05
644 3.322900683717e-05
646 3.242347381547e-05
648 3.163742613350e-05
650 3.087037831174e-05
652 3.012185773228e-05
654 2.939140426776e-05
656 2.867856992217e-05
658 2.798291848296e-05
660 2.730402518421e-05
662 2.664147638031e-05
664 2.599486922995e-05
666 2.536381138995e-05
668 2.474792071865e-05
670 2.414682498845e-05
672 2.356016160733e-05
674 2.298757734892e-05
676 2.242872809082e-05
678 2.188327856103e-05
680 2.135090209208e-05
682 2.083128038262e-05
684 2.032410326630e-05
686 1.982906848758e-05
688 1.934588148441e-05
690 1.887425517730e-05
692 1.841390976483e-05
694 1.796457252520e-05
696 1.752597762375e-05
698 1.709786592615e-05
700 1.667998481713e-05
702 1.627208802460e-05
704 1.587393544888e-05
706 1.548529299702e-05
708 1.510593242189e-05
710 1.473563116604e-05
712 1.437417221004e-05
714 1.402134392526e-05
716 1.367693993087e-05
718 1.334075895503e-05
720 1.301260470000e-05
722 1.269228571115e-05
724 1.237961524973e-05
726 1.207441116925e-05
728 1.177649579538e-05
730 1.148569580924e-05
732 1.120184213405e-05
734 1.092476982490e-05
736 1.065431796166e-05
738 1.039032954492e-05
740 1.013265139478e-05
742 9.881134052518e-06
744 9.635631684979e-06
746 9.396001991604e-06
748 9.162106114052e-06
750 8.933808548313e-06
752 8.710977059235e-06
754 8.493482597411e-06
756 8.281199218336e-06
758 8.074004003778e-06
760 7.871776985292e-06
762 7.674401069816e-06
764 7.481761967283e-06
766 7.293748120199e-06
768 7.110250635115e-06
770 6.931163215949e-06
772 6.756382099103e-06
774 6.585805990314e-06
776 6.419336003195e-06
778 6.256875599421e-06
780 6.098330530501e-06
782 5.943608781099e-06
784 5.792620513858e-06
786 5.645278015681e-06
788 5.501495645432e-06
790 5.361189783006e-06
792 5.224278779746e-06
794 5.090682910150e-06
796 4.960324324847e-06
798 4.833127004797e-06
800 4.709016716683e-06
802 4.587920969457e-06
804 4.469768972023e-06
806 4.354491592002e-06
808 4.242021315569e-06
810 4.132292208319e-06
812 4.025239877143e-06
814 3.920801433076e-06
816 3.818915455102e-06
818 3.719521954877e-06
820 3.622562342352e-06
822 3.527979392278e-06
824 3.435717211544e-06
826 3.345721207362e-06
828 3.257938056242e-06
830 3.172315673754e-06
832 3.088803185051e-06
834 3.007350896135e-06
836 2.927910265841e-06
838 2.850433878518e-06
840 2.774875417404e-06
842 2.701189638651e-06
844 2.629332346007e-06
846 2.559260366122e-06
848 2.490931524465e-06
850 2.424304621842e-06
852 2.359339411489e-06
854 2.295996576732e-06
856 2.234237709197e-06
858 2.174025287554e-06
860 2.115322656782e-06
862 2.058094007947e-06
864 2.002304358463e-06
866 1.947919532849e-06
868 1.894906143938e-06
870 1.843231574559e-06
872 1.792863959654e-06
874 1.743772168828e-06
876 1.695925789326e-06
878 1.649295109418e-06
880 1.603851102184e-06
882 1.559565409690e-06
884 1.516410327549e-06
886 1.474358789840e-06
888 1.433384354404e-06
890 1.393461188477e-06
892 1.354564054677e-06
894 1.316668297320e-06
896 1.279749829061e-06
898 1.243785117855e-06
900 1.208751174226e-06
902 1.174625538839e-06
904 1.141386270361e-06
906 1.109011933621e-06
908 1.077481588031e-06
910 1.046774776296e-06
912 1.016871513384e-06
914 9.877522757498e-07
916 9.593979908193e-07
918 9.317900267165e-07
920 9.049101822310e-07
922 8.787406770197e-07
924 8.532641420376e-07
926 8.284636101912e-07
928 8.043225072096e-07
930 7.808246427268e-07
932 7.579542015726e-07
934 7.356957352632e-07
936 7.140341536903e-07
938 6.929547170018e-07
940 6.724430276698e-07
942 6.524850227414e-07
944 6.330669662682e-07
946 6.141754419099e-07
948 5.957973457076e-07
950 5.779198790229e-07
952 5.605305416392e-07
954 5.436171250203e-07
956 5.271677057238e-07
958 5.111706389643e-07
960 4.956145523240e-07
962 4.804883396061e-07
964 4.657811548285e-07
966 4.514824063540e-07
968 4.375817511537e-07
970 4.240690892004e-07
972 4.109345579898e-07
974 3.981685271847e-07
976 3.857615933815e-07
978 3.737045749939e-07
980 3.619885072526e-07
982 3.506046373182e-07
984 3.395444195033e-07
986 3.287995106029e-07
988 3.183617653294e-07
990 3.082232318505e-07
992 2.983761474268e-07
994 2.888129341481e-07
996 2.795261947640e-07
998 2.705087086090e-07
