0 1.000000000000e+00
4 6.609161452646e-03
8 2.234865578549e+03
12 4.638314374636e+03
16 4.282884535020e+04
20 9.086983919334e+04
24 1.570621386409e+04
28 8.798285798377e+03
32 6.249628536144e+03
36 4.948641414575e+03
40 4.176852930677e+03
44 3.679377625183e+03
48 3.342843430857e+03
52 3.108849470766e+03
56 2.943742946504e+03
60 2.826055438046e+03
64 2.740611894360e+03
68 2.675672712874e+03
72 2.621873499428e+03
76 2.572418478684e+03
80 2.523625936018e+03
84 2.474537684357e+03
88 2.425499034870e+03
92 2.376997605430e+03
96 2.329315862672e+03
100 2.282571482399e+03
104 2.236799556513e+03
108 2.191999990279e+03
112 2.148158783816e+03
116 2.105256788001e+03
120 2.063273186774e+03
124 2.022186859963e+03
128 1.981976908638e+03
132 1.942622851522e+03
136 1.904104692520e+03
140 1.866402937901e+03
144 1.829498593967e+03
148 1.793373157330e+03
152 1.758008602546e+03
156 1.723387368993e+03
160 1.689492347707e+03
164 1.656306868462e+03
168 1.623814687199e+03
172 1.591999973822e+03
176 1.560847300388e+03
180 1.530341629653e+03
184 1.500468303996e+03
188 1.471213034686e+03
192 1.442561891491e+03
196 1.414501292614e+03
200 1.387017994944e+03
204 1.360099084611e+03
208 1.333731967841e+03
212 1.307904362087e+03
216 1.282604287442e+03
220 1.257820058310e+03
224 1.233540275340e+03
228 1.209753817598e+03
232 1.186449834990e+03
236 1.163617740901e+03
240 1.141247205069e+03
244 1.119328146667e+03
248 1.097850727600e+03
252 1.076805345991e+03
256 1.056182629876e+03
260 1.035973431077e+03
264 1.016168819259e+03
268 9.967600761654e+02
272 9.777386900203e+02
276 9.590963500967e+02
280 9.408249414431e+02
284 9.229165397648e+02
288 9.053634064531e+02
292 8.881579837596e+02
296 8.712928901090e+02
300 8.547609155479e+02
304 8.385550173234e+02
308 8.226683155888e+02
312 8.070940892317e+02
316 7.918257718204e+02
320 7.768569476658e+02
324 7.621813479943e+02
328 7.477928472284e+02
332 7.336854593716e+02
336 7.198533344953e+02
340 7.062907553231e+02
344 6.929921339101e+02
348 6.799520084145e+02
352 6.671650399588e+02
356 6.546260095771e+02
360 6.423298152463e+02
364 6.302714689991e+02
368 6.184460941155e+02
372 6.068489223911e+02
376 5.954752914792e+02
380 5.843206423055e+02
384 5.733805165521e+02
388 5.626505542096e+02
392 5.521264911943e+02
396 5.418041570306e+02
400 5.316794725933e+02
404 5.217484479118e+02
408 5.120071800317e+02
412 5.024518509328e+02
416 4.930787255030e+02
420 4.838841495643e+02
424 4.748645479518e+02
428 4.660164226422e+02
432 4.573363509316e+02
436 4.488209836602e+02
440 4.404670434839e+02
444 4.322713231899e+02
448 4.242306840560e+02
452 4.163420542527e+02
456 4.086024272855e+02
460 4.010088604775e+02
464 3.935584734912e+02
468 3.862484468867e+02
472 3.790760207184e+02
476 3.720384931654e+02
480 3.651332191976e+02
484 3.583576092756e+02
488 3.517091280821e+02
492 3.451852932869e+02
496 3.387836743409e+02
500 3.325018913018e+02
504 3.263376136879e+02
508 3.202885593612e+02
512 3.143524934374e+02
516 3.085272272235e+02
520 3.028106171814e+02
524 2.972005639164e+02
528 2.916950111916e+02
532 2.862919449652e+02
536 2.809893924524e+02
540 2.757854212095e+02
544 2.706781382401e+02
548 2.656656891237e+02
552 2.607462571646e+02
556 2.559180625615e+02
560 2.511793615977e+02
564 2.465284458498e+02
568 2.419636414158e+02
572 2.374833081618e+02
576 2.330858389865e+02
580 2.287696591028e+02
584 2.245332253374e+02
588 2.203750254457e+02
592 2.162935774440e+02
596 2.122874289568e+02
600 2.083551565797e+02
604 2.044953652571e+02
608 2.007066876747e+02
612 1.969877836655e+02
616 1.933373396309e+02
620 1.897540679737e+02
624 1.862367065458e+02
628 1.827840181073e+02
632 1.793947897990e+02
636 1.760678326269e+02
640 1.728019809580e+02
644 1.695960920286e+02
648 1.664490454628e+02
652 1.633597428030e+02
656 1.603271070503e+02
660 1.573500822160e+02
664 1.544276328826e+02
668 1.515587437754e+02
672 1.487424193434e+02
676 1.459776833497e+02
680 1.432635784712e+02
684 1.405991659072e+02
688 1.379835249969e+02
692 1.354157528455e+02
696 1.328949639580e+02
700 1.304202898825e+02
704 1.279908788598e+02
708 1.256058954822e+02
712 1.232645203588e+02
716 1.209659497891e+02
720 1.187093954427e+02
724 1.164940840475e+02
728 1.143192570830e+02
732 1.121841704823e+02
736 1.100880943385e+02
740 1.080303126195e+02
744 1.060101228877e+02
748 1.040268360260e+02
752 1.020797759705e+02
756 1.001682794480e+02
760 9.829169571975e+01
764 9.644938633070e+01
768 9.464072486399e+01
772 9.286509670082e+01
776 9.112189878541e+01
780 8.941053939507e+01
784 8.773043791516e+01
788 8.608102461880e+01
792 8.446174045139e+01
796 8.287203681961e+01
800 8.131137538491e+01
804 7.977922786146e+01
808 7.827507581830e+01
812 7.679841048566e+01
816 7.534873256543e+01
820 7.392555204553e+01
824 7.252838801829e+01
828 7.115676850253e+01
832 6.981023026942e+01
836 6.848831867198e+01
840 6.719058747813e+01
844 6.591659870719e+01
848 6.466592246984e+01
852 6.343813681132e+01
856 6.223282755796e+01
860 6.104958816683e+01
864 5.988801957851e+01
868 5.874773007288e+01
872 5.762833512796e+01
876 5.652945728148e+01
880 5.545072599549e+01
884 5.439177752359e+01
888 5.335225478094e+01
892 5.233180721692e+01
896 5.133009069038e+01
900 5.034676734741e+01
904 4.938150550163e+01
908 4.843397951686e+01
912 4.750386969222e+01
916 4.659086214949e+01
920 4.569464872281e+01
924 4.481492685055e+01
928 4.395139946937e+01
932 4.310377491044e+01
936 4.227176679768e+01
940 4.145509394811e+01
944 4.065348027411e+01
948 3.986665468771e+01
952 3.909435100676e+01
956 3.833630786293e+01
960 3.759226861158e+01
964 3.686198124343e+01
968 3.614519829793e+01
972 3.544167677840e+01
976 3.475117806879e+01
980 3.407346785213e+01
984 3.340831603057e+01
988 3.275549664699e+01
992 3.211478780811e+01
996 3.148597160922e+01
