0 1.000000000000e+00
4 6.602864743068e-03
8 5.968578299852e-03
12 5.395430616041e-03
16 4.877524957194e-03
20 4.409532109529e-03
24 3.986636021989e-03
28 3.604484614805e-03
32 3.259145268971e-03
36 2.947064555978e-03
40 2.665031808012e-03
44 2.410146165993e-03
48 2.179786776551e-03
52 1.971585839769e-03
56 1.783404237347e-03
60 1.613309496204e-03
64 1.459555865464e-03
68 1.320566305695e-03
72 1.194916208162e-03
76 1.081318679051e-03
80 9.786112392169e-04
84 8.857438041284e-04
88 8.017678214997e-04
92 7.258264557318e-04
96 6.571457188039e-04
100 5.950264568021e-04
104 5.388371099230e-04
108 4.880071716176e-04
112 4.420212796369e-04
116 4.004138781646e-04
120 3.627643960383e-04
124 3.286928913248e-04
128 2.978561172844e-04
132 2.699439690667e-04
136 2.446762743886e-04
140 2.217998949724e-04
144 2.010861087190e-04
148 1.823282454772e-04
152 1.653395518883e-04
156 1.499512631417e-04
160 1.360108616216e-04
164 1.233805043498e-04
168 1.119356028803e-04
172 1.015635408801e-04
176 9.216251605497e-05
180 8.364049437077e-05
184 7.591426568634e-05
188 6.890859096589e-05
192 6.255543219134e-05
196 5.679325695462e-05
200 5.156641048650e-05
204 4.682454858029e-05
208 4.252212550257e-05
212 3.861793155565e-05
216 3.507467547342e-05
220 3.185860729962e-05
224 2.893917781895e-05
228 2.628873099276e-05
232 2.388222619501e-05
236 2.169698735471e-05
240 1.971247639199e-05
244 1.791008858800e-05
248 1.627296775796e-05
252 1.478583930330e-05
256 1.343485940520e-05
260 1.220747879103e-05
264 1.109231965667e-05
268 1.007906446591e-05
272 9.158355471795e-06
276 8.321703917401e-06
280 7.561407974431e-06
284 6.870478569979e-06
288 6.242572334177e-06
292 5.671930976293e-06
296 5.153326464247e-06
300 4.682011443477e-06
304 4.253674386114e-06
308 3.864399011143e-06
312 3.510627561107e-06
316 3.189127561465e-06
320 2.896961725308e-06
324 2.631460699156e-06
328 2.390198375419e-06
332 2.170969523981e-06
336 1.971769519651e-06
340 1.790775964145e-06
344 1.626332020978e-06
348 1.476931299486e-06
352 1.341204140208e-06
356 1.217905168376e-06
360 1.105901995226e-06
364 1.004164958651e-06
368 9.117578052291e-07
372 8.278292252396e-07
376 7.516051608024e-07
380 6.823818150372e-07
384 6.195192970703e-07
388 5.624358439832e-07
392 5.106025664368e-07
396 4.635386697808e-07
400 4.208071070358e-07
404 3.820106242561e-07
408 3.467881625007e-07
412 3.148115839896e-07
416 2.857826930484e-07
420 2.594305251735e-07
424 2.355088800141e-07
428 2.137940762977e-07
432 1.940829087360e-07
436 1.761907887746e-07
440 1.599500526954e-07
444 1.452084220771e-07
448 1.318276029727e-07
452 1.196820113912e-07
456 1.086576137850e-07
460 9.865087225563e-08
464 8.956778511267e-08
468 8.132301425295e-08
472 7.383909158916e-08
476 6.704569744815e-08
480 6.087900448825e-08
484 5.528108125831e-08
488 5.019935004303e-08
492 4.558609411473e-08
496 4.139800994531e-08
500 3.759580032700e-08
504 3.414380471088e-08
508 3.100966340043e-08
512 2.816401253699e-08
516 2.558020708690e-08
520 2.323406928943e-08
524 2.110366025143e-08
528 1.916907258197e-08
532 1.741224214906e-08
536 1.581677721262e-08
540 1.436780334507e-08
544 1.305182269389e-08
548 1.185658627098e-08
552 1.077097807266e-08
556 9.784909942239e-09
