0 1.000000000000e+00
3 6.607317089662e-03
6 5.200733723573e-03
9 4.095812832027e-03
12 3.227519505051e-03
15 2.544883503399e-03
18 2.007954006758e-03
21 1.585413201690e-03
24 1.252706593983e-03
27 9.905784113662e-04
30 7.839244652223e-04
33 6.208937226609e-04
36 4.921846822185e-04
39 3.904943029724e-04
42 3.100863852705e-04
45 2.464534768016e-04
48 1.960520028289e-04
51 1.560947270588e-04
54 1.243881019785e-04
57 9.920477074837e-05
60 7.918359886419e-05
63 6.325126999641e-05
66 5.056077642929e-05
69 4.044314859206e-05
72 3.236956158792e-05
75 2.592157740136e-05
78 2.076776719176e-05
81 1.664533818804e-05
84 1.334568721144e-05
87 1.070303577984e-05
90 8.585484172617e-06
93 6.887964764864e-06
96 5.526686974124e-06
99 4.434754017376e-06
102 3.558700594172e-06
105 2.855754688670e-06
108 2.291669117546e-06
111 1.839001744109e-06
114 1.475749390619e-06
117 1.184260948199e-06
120 9.503712155593e-07
123 7.627095461465e-07
126 6.121471991997e-07
129 4.913549659368e-07
132 3.944486447322e-07
135 3.167046361716e-07
138 2.543316086451e-07
141 2.042870731653e-07
144 1.641299780887e-07
147 1.319022267935e-07
150 1.060334397901e-07
153 8.526440886264e-08
156 6.858558776186e-08
159 5.518768047326e-08
162 4.442196199306e-08
165 3.576842726935e-08
168 2.881023449639e-08
171 2.321320734232e-08
174 1.870940120656e-08
177 1.508393256727e-08
180 1.216442692931e-08
183 9.812567060363e-09
