0 1.000000000000e+00
2 6.608687012056e-03
4 3.780601520417e-03
6 2.254857850818e-03
8 1.384791305928e-03
10 8.698687277972e-04
12 5.565551251001e-04
14 3.616527670701e-04
16 2.381623959147e-04
18 1.586794342114e-04
20 1.068147200062e-04
22 7.255852963966e-05
24 4.968658149038e-05
26 3.426717861321e-05
28 2.378175153600e-05
30 1.659637596716e-05
32 1.163868997695e-05
34 8.197359123241e-06
36 5.795894342890e-06
38 4.112253689841e-06
40 2.927012908292e-06
42 2.089581064883e-06
44 1.495945056623e-06
46 1.073861063433e-06
48 7.729078673265e-07
50 5.577475054457e-07
52 4.035230935987e-07
54 2.926942699425e-07
56 2.128481333520e-07
58 1.551772567877e-07
60 1.134169503448e-07
62 8.310050764169e-08
64 6.103567647398e-08
66 4.493564865166e-08
68 3.315833484476e-08
70 2.452173727201e-08
72 1.817293125768e-08
74 1.349489576690e-08
76 1.004012071656e-08
78 7.483195029456e-09
