0 1.000000000000e+00
4 6.024094721205e-01
8 1.449151361021e+00
12 6.563876930524e-01
16 3.824003567018e+01
20 3.454564121487e+01
24 3.167916942204e+01
28 2.938020681750e+01
32 2.749158371868e+01
36 2.591163135834e+01
40 2.457111497682e+01
44 2.342097511134e+01
48 2.242532861169e+01
52 2.155724172426e+01
56 2.079605888338e+01
60 2.012565021647e+01
64 1.953322501091e+01
68 1.900850650236e+01
72 1.854314450327e+01
76 1.813028880194e+01
80 1.776427379756e+01
84 1.744038170422e+01
88 1.715466228488e+01
92 1.690379394210e+01
96 1.668497552855e+01
100 1.649584129797e+01
104 1.633439351636e+01
108 1.619894871881e+01
112 1.608809463607e+01
116 1.600065556255e+01
120 1.593566448190e+01
124 1.589234066883e+01
128 1.587007178672e+01
132 1.586839972890e+01
136 1.588700962658e+01
140 1.592572158316e+01
144 1.598448480321e+01
148 1.606337387214e+01
152 1.616258701524e+01
156 1.628244622721e+01
160 1.642339921774e+01
164 1.658602316944e+01
168 1.677103035223e+01
172 1.697927568646e+01
176 1.721176639711e+01
180 1.746967395486e+01
184 1.775434855973e+01
188 1.806733649102e+01
192 1.841040072586e+01
196 1.878554532204e+01
200 1.919504417146e+01
204 1.964147486414e+01
208 2.012775856440e+01
212 2.065720699839e+01
216 2.123357789336e+01
220 2.186114050652e+01
224 2.254475324727e+01
228 2.328995584946e+01
232 2.410307911031e+01
236 2.499137590668e+01
240 2.596317805796e+01
244 2.702808466604e+01
248 2.819718886887e+01
252 2.948335154113e+01
256 3.090153240757e+01
260 3.246919133468e+01
264 3.420677523087e+01
268 3.613830894160e+01
272 3.829211155118e+01
276 4.070166210658e+01
280 4.340663997182e+01
284 4.645416295040e+01
288 4.990023762669e+01
292 5.381141523288e+01
296 5.826660286977e+01
300 6.335889801488e+01
304 6.919716899988e+01
308 7.590685963096e+01
312 8.362910708533e+01
316 9.251668688088e+01
320 1.027245383984e+02
324 1.143918142275e+02
328 1.276119695205e+02
332 1.423883038873e+02
336 1.585760969559e+02
340 1.758205320493e+02
344 1.935115598575e+02
348 2.107873852794e+02
352 2.266160772023e+02
356 2.399592274825e+02
360 2.499773048377e+02
364 2.562013267721e+02
368 2.586020860228e+02
372 2.575381655743e+02
376 2.536210142332e+02
380 2.475604929507e+02
384 2.400409785756e+02
388 2.316478794928e+02
392 2.228399177923e+02
396 2.139519536306e+02
400 2.052131763119e+02
404 1.967699964130e+02
408 1.887077540870e+02
412 1.810687865083e+02
416 1.738663603178e+02
420 1.670948882816e+02
424 1.607371539368e+02
428 1.547692748738e+02
432 1.491640249614e+02
436 1.438929986936e+02
440 1.389279755043e+02
444 1.342417406346e+02
448 1.298085424920e+02
452 1.256043106330e+02
456 1.216067188602e+02
460 1.177951502017e+02
464 1.141506013577e+02
468 1.106555509771e+02
472 1.072938070172e+02
476 1.040503420948e+02
480 1.009111212019e+02
484 9.786292272439e+01
488 9.489315082387e+01
492 9.198963442777e+01
496 8.914040481553e+01
500 8.633343942834e+01
504 8.355635307248e+01
508 8.079600746170e+01
512 7.803799303622e+01
516 7.526590744412e+01
520 7.246030139572e+01
524 6.959706021250e+01
528 6.664478289069e+01
532 6.356027671597e+01
536 6.028026295620e+01
540 5.670487938826e+01
544 5.266253618861e+01
548 4.784425868448e+01
552 4.242691593481e+01
556 2.771544272564e+01
560 1.021242574582e+04
564 2.240119961030e+06
568 1.173443568907e+06
572 3.227960155897e+07
576 3.052157364197e+07
580 3.099769873680e+07
584 3.306772307800e+07
588 3.674534011535e+07
592 4.239840301682e+07
596 5.077201742625e+07
600 6.316111813075e+07
604 8.173835872981e+07
608 1.100344307091e+08
612 1.532900617385e+08
616 2.173711995013e+08
620 3.032298835518e+08
624 3.969000422235e+08
628 4.699055148044e+08
632 5.018451527172e+08
636 4.963116517369e+08
640 4.697450517466e+08
644 4.361701644537e+08
648 4.030552798148e+08
652 3.732583303736e+08
656 3.473737464279e+08
660 3.250954888394e+08
664 3.058410602714e+08
668 2.890008531409e+08
672 2.740233062469e+08
676 2.604335715034e+08
680 2.478269677537e+08
684 2.358533465201e+08
688 2.241975408656e+08
692 2.125558033783e+08
696 2.006042906584e+08
700 1.879501056180e+08
704 1.740441776988e+08
708 1.580206087732e+08
712 1.386599508549e+08
716 1.392028803340e+08
720 1.045113217941e+08
724 8.235862141002e+07
728 3.697253814178e+07
732 1.634925667589e+07
736 6.389233650806e+08
740 3.038512068743e+09
744 2.037424701359e+10
748 2.161611905798e+10
752 2.153766699537e+10
756 9.015691463189e+09
760 3.611805356765e+11
764 3.622000826471e+12
768 1.293400565111e+14
772 8.996250315779e+14
776 4.110989900940e+14
780 1.139402621659e+16
784 1.166046428761e+16
788 1.263172805973e+16
792 1.426717088740e+16
796 1.667609364302e+16
800 2.006609388094e+16
804 2.471841355182e+16
808 3.092118032477e+16
812 3.878852529565e+16
816 4.792624327566e+16
820 5.711846293182e+16
824 6.453395553636e+16
828 6.868750220892e+16
832 6.933055981547e+16
836 6.732330659904e+16
840 6.384701394902e+16
844 5.983202390399e+16
848 5.582855260929e+16
852 5.209788805683e+16
856 4.873202785231e+16
860 4.573800176781e+16
864 4.308581141480e+16
868 4.073274934323e+16
872 3.863471532814e+16
876 3.675094553771e+16
880 3.504558690314e+16
884 3.348784571513e+16
888 3.205154865495e+16
892 3.071450787158e+16
896 2.945786322520e+16
900 2.826546996590e+16
904 2.712335083006e+16
908 2.601920884547e+16
912 2.494198657882e+16
916 2.388145171267e+16
920 2.282778347112e+16
924 2.177112633443e+16
928 2.070106296437e+16
932 1.960593118579e+16
936 1.847185856822e+16
940 1.728128950533e+16
944 1.601059088896e+16
948 1.462599955748e+16
952 1.307704615962e+16
956 1.129207379088e+16
960 9.297355878938e+15
964 3.471810252291e+16
968 3.337713291012e+16
972 3.187438944089e+16
976 3.032625509858e+16
980 2.880665925836e+16
984 2.735793376184e+16
988 2.600108237141e+16
992 2.474369183759e+16
996 2.358541707210e+16
