0 1.000000000000e+00
2 5.827092173808e-01
4 9.296673298282e-01
6 4.906733802485e-01
8 7.838392051637e-01
10 4.557971910799e-01
12 1.157360353583e+00
14 4.956373303653e-01
16 1.818561596057e+02
18 1.817674372526e+02
20 1.816788229615e+02
22 1.815903165247e+02
24 1.815019177348e+02
26 1.814136263852e+02
28 1.813254422697e+02
30 1.812373651828e+02
32 1.811493949192e+02
34 1.810615312746e+02
36 1.809737740448e+02
38 1.808861230265e+02
40 1.807985780167e+02
42 1.807111388128e+02
44 1.806238052132e+02
46 1.805365770164e+02
48 1.804494540215e+02
50 1.803624360284e+02
52 1.802755228370e+02
54 1.801887142483e+02
56 1.801020100634e+02
58 1.800154100841e+02
60 1.799289141127e+02
62 1.798425219519e+02
64 1.797562334051e+02
66 1.796700482760e+02
68 1.795839663690e+02
70 1.794979874888e+02
72 1.794121114409e+02
74 1.793263380309e+02
76 1.792406670653e+02
78 1.791550983508e+02
80 1.790696316949e+02
82 1.789842669051e+02
84 1.788990037900e+02
86 1.788138421583e+02
88 1.787287818192e+02
90 1.786438225827e+02
92 1.785589642588e+02
94 1.784742066584e+02
96 1.783895495927e+02
98 1.783049928735e+02
100 1.782205363129e+02
102 1.781361797236e+02
104 1.780519229188e+02
106 1.779677657121e+02
108 1.778837079176e+02
110 1.777997493499e+02
112 1.777158898241e+02
114 1.776321291557e+02
116 1.775484671607e+02
118 1.774649036555e+02
120 1.773814384571e+02
122 1.772980713828e+02
124 1.772148022506e+02
126 1.771316308787e+02
128 1.770485570859e+02
130 1.769655806915e+02
132 1.768827015151e+02
134 1.767999193770e+02
136 1.767172340976e+02
138 1.766346454981e+02
140 1.765521534000e+02
142 1.764697576251e+02
144 1.763874579960e+02
146 1.763052543355e+02
148 1.762231464669e+02
150 1.761411342139e+02
152 1.760592174006e+02
154 1.759773958518e+02
156 1.758956693925e+02
158 1.758140378482e+02
160 1.757325010448e+02
162 1.756510588088e+02
164 1.755697109668e+02
166 1.754884573463e+02
168 1.754072977747e+02
170 1.753262320803e+02
172 1.752452600916e+02
174 1.751643816376e+02
176 1.750835965476e+02
178 1.750029046514e+02
180 1.749223057793e+02
182 1.748417997620e+02
184 1.747613864304e+02
186 1.746810656162e+02
188 1.746008371513e+02
190 1.745207008678e+02
192 1.744406565988e+02
194 1.743607041772e+02
196 1.742808434366e+02
198 1.742010742111e+02
200 1.741213963350e+02
202 1.740418096432e+02
204 1.739623139709e+02
206 1.738829091536e+02
208 1.738035950275e+02
210 1.737243714289e+02
212 1.736452381947e+02
214 1.735661951621e+02
216 1.734872421687e+02
218 1.734083790526e+02
220 1.733296056523e+02
222 1.732509218065e+02
224 1.731723273544e+02
226 1.730938221358e+02
228 1.730154059905e+02
230 1.729370787590e+02
232 1.728588402821e+02
234 1.727806904010e+02
236 1.727026289572e+02
238 1.726246557927e+02
240 1.725467707499e+02
242 1.724689736714e+02
244 1.723912644004e+02
246 1.723136427803e+02
248 1.722361086551e+02
250 1.721586618690e+02
252 1.720813022665e+02
254 1.720040296928e+02
256 1.719268439933e+02
258 1.718497450135e+02
260 1.717727325998e+02
262 1.716958065986e+02
264 1.716189668567e+02
266 1.715422132215e+02
268 1.714655455405e+02
270 1.713889636618e+02
272 1.713124674336e+02
274 1.712360567047e+02
276 1.711597313242e+02
278 1.710834911415e+02
280 1.710073360065e+02
282 1.709312657692e+02
284 1.708552802803e+02
286 1.707793793906e+02
288 1.707035629514e+02
290 1.706278308143e+02
292 1.705521828311e+02
294 1.704766188544e+02
296 1.704011387366e+02
298 1.703257423309e+02
300 1.702504294906e+02
302 1.701752000694e+02
304 1.701000539215e+02
306 1.700249909011e+02
308 1.699500108632e+02
310 1.698751136628e+02
312 1.698002991554e+02
314 1.697255671968e+02
316 1.696509176431e+02
318 1.695763503509e+02
320 1.695018651769e+02
322 1.694274619783e+02
324 1.693531406127e+02
326 1.692789009379e+02
328 1.692047428120e+02
330 1.691306660937e+02
332 1.690566706417e+02
334 1.689827563153e+02
336 1.689089229740e+02
338 1.688351704776e+02
340 1.687614986863e+02
342 1.686879074607e+02
344 1.686143966616e+02
346 1.685409661501e+02
348 1.684676157878e+02
350 1.683943454366e+02
352 1.683211549584e+02
354 1.682480442160e+02
356 1.681750130719e+02
358 1.681020613894e+02
360 1.680291890320e+02
362 1.679563958633e+02
364 1.678836817475e+02
366 1.678110465489e+02
368 1.677384901323e+02
370 1.676660123628e+02
372 1.675936131056e+02
374 1.675212922264e+02
376 1.674490495913e+02
378 1.673768850666e+02
380 1.673047985187e+02
382 1.672327898147e+02
384 1.671608588218e+02
386 1.670890054075e+02
388 1.670172294397e+02
390 1.669455307865e+02
392 1.668739093163e+02
394 1.668023648980e+02
396 1.667308974006e+02
398 1.666595066935e+02
400 1.665881926463e+02
402 1.665169551291e+02
404 1.664457940121e+02
406 1.663747091659e+02
408 1.663037004614e+02
410 1.662327677697e+02
412 1.661619109624e+02
414 1.660911299111e+02
416 1.660204244881e+02
418 1.659497945655e+02
420 1.658792400162e+02
422 1.658087607130e+02
424 1.657383565292e+02
426 1.656680273382e+02
428 1.655977730141e+02
430 1.655275934308e+02
432 1.654574884627e+02
434 1.653874579846e+02
436 1.653175018714e+02
438 1.652476199985e+02
440 1.651778122412e+02
442 1.651080784756e+02
444 1.650384185777e+02
446 1.649688324238e+02
448 1.648993198908e+02
450 1.648298808555e+02
452 1.647605151952e+02
454 1.646912227875e+02
456 1.646220035101e+02
458 1.645528572412e+02
460 1.644837838590e+02
462 1.644147832423e+02
464 1.643458552699e+02
466 1.642769998210e+02
468 1.642082167752e+02
470 1.641395060121e+02
472 1.640708674118e+02
474 1.640023008545e+02
476 1.639338062208e+02
478 1.638653833915e+02
480 1.637970322477e+02
482 1.637287526708e+02
484 1.636605445424e+02
486 1.635924077444e+02
488 1.635243421590e+02
490 1.634563476686e+02
492 1.633884241559e+02
494 1.633205715038e+02
496 1.632527895957e+02
498 1.631850783149e+02
500 1.631174375452e+02
502 1.630498671707e+02
504 1.629823670756e+02
506 1.629149371444e+02
508 1.628475772619e+02
510 1.627802873132e+02
512 1.627130671836e+02
514 1.626459167586e+02
516 1.625788359240e+02
518 1.625118245660e+02
520 1.624448825709e+02
522 1.623780098252e+02
524 1.623112062158e+02
526 1.622444716298e+02
528 1.621778059544e+02
530 1.621112090774e+02
532 1.620446808865e+02
534 1.619782212698e+02
536 1.619118301158e+02
538 1.618455073128e+02
540 1.617792527499e+02
542 1.617130663161e+02
544 1.616469479007e+02
546 1.615808973932e+02
548 1.615149146836e+02
550 1.614489996618e+02
552 1.613831522183e+02
554 1.613173722434e+02
556 1.612516596281e+02
558 1.611860142633e+02
560 1.611204360403e+02
562 1.610549248507e+02
564 1.609894805862e+02
566 1.609241031388e+02
568 1.608587924007e+02
570 1.607935482644e+02
572 1.607283706226e+02
574 1.606632593682e+02
576 1.605982143944e+02
578 1.605332355946e+02
580 1.604683228625e+02
582 1.604034760920e+02
584 1.603386951771e+02
586 1.602739800122e+02
588 1.602093304919e+02
590 1.601447465109e+02
592 1.600802279644e+02
594 1.600157747475e+02
596 1.599513867558e+02
598 1.598870638850e+02
600 1.598228060311e+02
602 1.597586130901e+02
604 1.596944849586e+02
606 1.596304215332e+02
608 1.595664227107e+02
610 1.595024883881e+02
612 1.594386184629e+02
614 1.593748128324e+02
616 1.593110713946e+02
618 1.592473940473e+02
620 1.591837806887e+02
622 1.591202312172e+02
624 1.590567455316e+02
626 1.589933235305e+02
628 1.589299651132e+02
630 1.588666701789e+02
632 1.588034386271e+02
634 1.587402703575e+02
636 1.586771652701e+02
638 1.586141232650e+02
640 1.585511442426e+02
642 1.584882281036e+02
644 1.584253747486e+02
646 1.583625840788e+02
648 1.582998559952e+02
650 1.582371903995e+02
652 1.581745871933e+02
654 1.581120462783e+02
656 1.580495675567e+02
658 1.579871509309e+02
660 1.579247963031e+02
662 1.578625035763e+02
664 1.578002726533e+02
666 1.577381034371e+02
668 1.576759958313e+02
670 1.576139497392e+02
672 1.575519650646e+02
674 1.574900417115e+02
676 1.574281795840e+02
678 1.573663785866e+02
680 1.573046386236e+02
682 1.572429596000e+02
684 1.571813414207e+02
686 1.571197839908e+02
688 1.570582872158e+02
690 1.569968510012e+02
692 1.569354752527e+02
694 1.568741598764e+02
696 1.568129047784e+02
698 1.567517098652e+02
700 1.566905750432e+02
702 1.566295002193e+02
704 1.565684853003e+02
706 1.565075301936e+02
708 1.564466348064e+02
710 1.563857990463e+02
712 1.563250228211e+02
714 1.562643060387e+02
716 1.562036486072e+02
718 1.561430504351e+02
720 1.560825114307e+02
722 1.560220315029e+02
724 1.559616105605e+02
726 1.559012485127e+02
728 1.558409452688e+02
730 1.557807007382e+02
732 1.557205148306e+02
734 1.556603874560e+02
736 1.556003185243e+02
738 1.555403079458e+02
740 1.554803556309e+02
742 1.554204614903e+02
744 1.553606254348e+02
746 1.553008473754e+02
748 1.552411272232e+02
750 1.551814648896e+02
752 1.551218602862e+02
754 1.550623133248e+02
756 1.550028239172e+02
758 1.549433919755e+02
760 1.548840174121e+02
762 1.548247001394e+02
764 1.547654400700e+02
766 1.547062371169e+02
768 1.546470911930e+02
770 1.545880022116e+02
772 1.545289700859e+02
774 1.544699947297e+02
776 1.544110760565e+02
778 1.543522139804e+02
780 1.542934084154e+02
782 1.542346592758e+02
784 1.541759664761e+02
786 1.541173299309e+02
788 1.540587495550e+02
790 1.540002252633e+02
792 1.539417569711e+02
794 1.538833445937e+02
796 1.538249880466e+02
798 1.537666872454e+02
800 1.537084421061e+02
802 1.536502525446e+02
804 1.535921184773e+02
806 1.535340398203e+02
808 1.534760164903e+02
810 1.534180484041e+02
812 1.533601354785e+02
814 1.533022776305e+02
816 1.532444747774e+02
818 1.531867268367e+02
820 1.531290337258e+02
822 1.530713953625e+02
824 1.530138116648e+02
826 1.529562825507e+02
828 1.528988079384e+02
830 1.528413877464e+02
832 1.527840218933e+02
834 1.527267102978e+02
836 1.526694528787e+02
838 1.526122495553e+02
840 1.525551002466e+02
842 1.524980048723e+02
844 1.524409633517e+02
846 1.523839756046e+02
848 1.523270415511e+02
850 1.522701611110e+02
852 1.522133342046e+02
854 1.521565607524e+02
856 1.520998406749e+02
858 1.520431738927e+02
860 1.519865603268e+02
862 1.519299998981e+02
864 1.518734925279e+02
866 1.518170381376e+02
868 1.517606366486e+02
870 1.517042879826e+02
872 1.516479920614e+02
874 1.515917488071e+02
876 1.515355581417e+02
878 1.514794199875e+02
880 1.514233342671e+02
882 1.513673009030e+02
884 1.513113198181e+02
886 1.512553909351e+02
888 1.511995141773e+02
890 1.511436894678e+02
892 1.510879167301e+02
894 1.510321958876e+02
896 1.509765268641e+02
898 1.509209095834e+02
900 1.508653439696e+02
902 1.508098299468e+02
904 1.507543674392e+02
906 1.506989563715e+02
908 1.506435966681e+02
910 1.505882882538e+02
912 1.505330310536e+02
914 1.504778249924e+02
916 1.504226699956e+02
918 1.503675659885e+02
920 1.503125128966e+02
922 1.502575106456e+02
924 1.502025591612e+02
926 1.501476583694e+02
928 1.500928081963e+02
930 1.500380085683e+02
932 1.499832594116e+02
934 1.499285606528e+02
936 1.498739122186e+02
938 1.498193140359e+02
940 1.497647660316e+02
942 1.497102681328e+02
944 1.496558202669e+02
946 1.496014223612e+02
948 1.495470743433e+02
950 1.494927761409e+02
952 1.494385276819e+02
954 1.493843288942e+02
956 1.493301797059e+02
958 1.492760800454e+02
960 1.492220298410e+02
962 1.491680290214e+02
964 1.491140775151e+02
966 1.490601752511e+02
968 1.490063221583e+02
970 1.489525181659e+02
972 1.488987632030e+02
974 1.488450571991e+02
976 1.487914000838e+02
978 1.487377917866e+02
980 1.486842322375e+02
982 1.486307213663e+02
984 1.485772591032e+02
986 1.485238453783e+02
988 1.484704801221e+02
990 1.484171632650e+02
992 1.483638947377e+02
994 1.483106744710e+02
996 1.482575023956e+02
998 1.482043784428e+02
