0 1.000000000000e+00
3 5.673274934130e-01
6 7.384871469239e-01
9 1.992490993194e+01
12 3.913730006801e+00
15 2.162228118468e+00
18 1.378893631198e+01
21 2.605064789367e+05
24 2.596283868238e+05
27 2.604628649744e+05
30 2.595850763860e+05
33 2.604192733485e+05
36 2.595417880744e+05
39 2.603757040399e+05
42 2.594985218701e+05
45 2.603321570294e+05
48 2.594552777541e+05
51 2.602886322980e+05
54 2.594120557077e+05
57 2.602451298266e+05
60 2.593688557119e+05
63 2.602016495961e+05
66 2.593256777479e+05
69 2.601581915875e+05
72 2.592825217969e+05
75 2.601147557818e+05
78 2.592393878401e+05
81 2.600713421600e+05
84 2.591962758587e+05
87 2.600279507032e+05
90 2.591531858341e+05
93 2.599845813924e+05
96 2.591101177475e+05
99 2.599412342088e+05
102 2.590670715801e+05
105 2.598979091333e+05
108 2.590240473133e+05
111 2.598546061472e+05
114 2.589810449285e+05
117 2.598113252317e+05
120 2.589380644071e+05
123 2.597680663678e+05
126 2.588951057304e+05
129 2.597248295368e+05
132 2.588521688797e+05
135 2.596816147199e+05
138 2.588092538367e+05
141 2.596384218984e+05
144 2.587663605827e+05
147 2.595952510536e+05
150 2.587234890992e+05
153 2.595521021666e+05
156 2.586806393678e+05
159 2.595089752188e+05
162 2.586378113698e+05
165 2.594658701917e+05
168 2.585950050870e+05
171 2.594227870664e+05
174 2.585522205008e+05
177 2.593797258245e+05
180 2.585094575928e+05
183 2.593366864472e+05
186 2.584667163448e+05
189 2.592936689161e+05
192 2.584239967382e+05
195 2.592506732125e+05
198 2.583812987547e+05
201 2.592076993180e+05
204 2.583386223761e+05
207 2.591647472140e+05
210 2.582959675840e+05
213 2.591218168820e+05
216 2.582533343601e+05
219 2.590789083036e+05
222 2.582107226863e+05
225 2.590360214604e+05
228 2.581681325442e+05
231 2.589931563338e+05
234 2.581255639156e+05
237 2.589503129056e+05
240 2.580830167824e+05
243 2.589074911573e+05
246 2.580404911264e+05
249 2.588646910705e+05
252 2.579979869294e+05
255 2.588219126270e+05
258 2.579555041733e+05
261 2.587791558084e+05
264 2.579130428400e+05
267 2.587364205964e+05
270 2.578706029114e+05
273 2.586937069728e+05
276 2.578281843695e+05
279 2.586510149193e+05
282 2.577857871961e+05
285 2.586083444177e+05
288 2.577434113734e+05
291 2.585656954498e+05
294 2.577010568833e+05
297 2.585230679974e+05
300 2.576587237078e+05
303 2.584804620423e+05
306 2.576164118289e+05
309 2.584378775664e+05
312 2.575741212287e+05
315 2.583953145516e+05
318 2.575318518894e+05
321 2.583527729797e+05
324 2.574896037930e+05
327 2.583102528328e+05
330 2.574473769216e+05
333 2.582677540927e+05
336 2.574051712574e+05
339 2.582252767414e+05
342 2.573629867826e+05
345 2.581828207610e+05
348 2.573208234794e+05
351 2.581403861333e+05
354 2.572786813299e+05
357 2.580979728405e+05
360 2.572365603164e+05
363 2.580555808646e+05
366 2.571944604212e+05
369 2.580132101876e+05
372 2.571523816265e+05
375 2.579708607917e+05
378 2.571103239146e+05
381 2.579285326590e+05
384 2.570682872679e+05
387 2.578862257716e+05
390 2.570262716686e+05
393 2.578439401117e+05
396 2.569842770992e+05
399 2.578016756614e+05
402 2.569423035420e+05
405 2.577594324030e+05
408 2.569003509795e+05
411 2.577172103186e+05
414 2.568584193940e+05
417 2.576750093905e+05
420 2.568165087679e+05
423 2.576328296010e+05
426 2.567746190839e+05
429 2.575906709324e+05
432 2.567327503242e+05
435 2.575485333669e+05
438 2.566909024715e+05
441 2.575064168869e+05
444 2.566490755082e+05
447 2.574643214748e+05
450 2.566072694169e+05
453 2.574222471128e+05
456 2.565654841802e+05
459 2.573801937834e+05
462 2.565237197807e+05
465 2.573381614690e+05
468 2.564819762009e+05
471 2.572961501520e+05
474 2.564402534234e+05
477 2.572541598149e+05
480 2.563985514311e+05
483 2.572121904401e+05
486 2.563568702063e+05
489 2.571702420101e+05
492 2.563152097320e+05
495 2.571283145075e+05
498 2.562735699908e+05
501 2.570864079147e+05
504 2.562319509654e+05
507 2.570445222144e+05
510 2.561903526385e+05
513 2.570026573890e+05
516 2.561487749930e+05
519 2.569608134212e+05
522 2.561072180116e+05
525 2.569189902936e+05
528 2.560656816771e+05
531 2.568771879888e+05
534 2.560241659723e+05
537 2.568354064895e+05
540 2.559826708802e+05
543 2.567936457784e+05
546 2.559411963835e+05
549 2.567519058380e+05
552 2.558997424652e+05
555 2.567101866513e+05
558 2.558583091082e+05
561 2.566684882008e+05
564 2.558168962953e+05
567 2.566268104694e+05
570 2.557755040096e+05
573 2.565851534398e+05
576 2.557341322340e+05
579 2.565435170948e+05
582 2.556927809514e+05
585 2.565019014172e+05
588 2.556514501450e+05
591 2.564603063899e+05
594 2.556101397977e+05
597 2.564187319957e+05
600 2.555688498926e+05
603 2.563771782175e+05
606 2.555275804127e+05
609 2.563356450382e+05
612 2.554863313412e+05
615 2.562941324407e+05
618 2.554451026611e+05
621 2.562526404079e+05
624 2.554038943555e+05
627 2.562111689228e+05
630 2.553627064076e+05
633 2.561697179683e+05
636 2.553215388006e+05
639 2.561282875275e+05
642 2.552803915177e+05
645 2.560868775834e+05
648 2.552392645420e+05
651 2.560454881189e+05
654 2.551981578568e+05
657 2.560041191172e+05
660 2.551570714453e+05
663 2.559627705614e+05
666 2.551160052908e+05
669 2.559214424344e+05
672 2.550749593765e+05
675 2.558801347195e+05
678 2.550339336858e+05
681 2.558388473997e+05
684 2.549929282020e+05
687 2.557975804582e+05
690 2.549519429084e+05
693 2.557563338782e+05
696 2.549109777884e+05
699 2.557151076429e+05
702 2.548700328253e+05
705 2.556739017355e+05
708 2.548291080026e+05
711 2.556327161391e+05
714 2.547882033037e+05
717 2.555915508371e+05
720 2.547473187119e+05
723 2.555504058127e+05
726 2.547064542109e+05
729 2.555092810493e+05
732 2.546656097839e+05
735 2.554681765300e+05
738 2.546247854146e+05
741 2.554270922383e+05
744 2.545839810864e+05
747 2.553860281574e+05
750 2.545431967829e+05
753 2.553449842708e+05
756 2.545024324876e+05
759 2.553039605618e+05
762 2.544616881841e+05
765 2.552629570139e+05
768 2.544209638559e+05
771 2.552219736104e+05
774 2.543802594867e+05
777 2.551810103348e+05
780 2.543395750602e+05
783 2.551400671705e+05
786 2.542989105598e+05
789 2.550991441011e+05
792 2.542582659694e+05
795 2.550582411100e+05
798 2.542176412726e+05
801 2.550173581807e+05
804 2.541770364531e+05
807 2.549764952968e+05
810 2.541364514945e+05
813 2.549356524418e+05
816 2.540958863808e+05
819 2.548948295994e+05
822 2.540553410955e+05
825 2.548540267530e+05
828 2.540148156225e+05
831 2.548132438864e+05
834 2.539743099456e+05
837 2.547724809831e+05
840 2.539338240485e+05
843 2.547317380268e+05
846 2.538933579152e+05
849 2.546910150011e+05
852 2.538529115294e+05
855 2.546503118898e+05
858 2.538124848751e+05
861 2.546096286765e+05
864 2.537720779361e+05
867 2.545689653450e+05
870 2.537316906963e+05
873 2.545283218790e+05
876 2.536913231397e+05
879 2.544876982623e+05
882 2.536509752502e+05
885 2.544470944786e+05
888 2.536106470117e+05
891 2.544065105118e+05
894 2.535703384082e+05
897 2.543659463456e+05
900 2.535300494238e+05
903 2.543254019639e+05
906 2.534897800424e+05
909 2.542848773506e+05
912 2.534495302480e+05
915 2.542443724896e+05
918 2.534093000248e+05
921 2.542038873646e+05
924 2.533690893568e+05
927 2.541634219597e+05
930 2.533288982281e+05
933 2.541229762587e+05
936 2.532887266227e+05
939 2.540825502457e+05
942 2.532485745249e+05
945 2.540421439045e+05
948 2.532084419187e+05
951 2.540017572191e+05
954 2.531683287884e+05
957 2.539613901736e+05
960 2.531282351180e+05
963 2.539210427520e+05
966 2.530881608918e+05
969 2.538807149383e+05
972 2.530481060940e+05
975 2.538404067165e+05
978 2.530080707089e+05
981 2.538001180708e+05
984 2.529680547206e+05
987 2.537598489852e+05
990 2.529280581135e+05
993 2.537195994438e+05
996 2.528880808719e+05
999 2.536793694308e+05
