0 1.000000000000e+00
4 5.163995311339e-01
8 5.622899917733e-01
12 6.177278194728e-01
16 6.826794311895e-01
20 7.563671563472e-01
24 8.372808516165e-01
28 9.233495695861e-01
32 1.012259792558e+00
36 1.101846574760e+00
40 1.190445633408e+00
44 1.277111079736e+00
48 1.361667611439e+00
52 1.444632937203e+00
56 1.527076812036e+00
60 1.610473004596e+00
64 1.696570362027e+00
68 1.787279968841e+00
72 1.884557404198e+00
76 1.990254408993e+00
80 2.105922939179e+00
84 2.232576650990e+00
88 2.370447581203e+00
92 2.518808799353e+00
96 2.675947865621e+00
100 2.839351039747e+00
104 3.006091097775e+00
108 3.173329403760e+00
112 3.338793042439e+00
116 3.501103237297e+00
120 3.659900893924e+00
124 3.815793093784e+00
128 3.970188842822e+00
132 4.125092845012e+00
136 4.282898778337e+00
140 4.446190983105e+00
144 4.617540619542e+00
148 4.799275370208e+00
152 4.993211924840e+00
156 5.200366219400e+00
160 5.420691365401e+00
164 5.652923138861e+00
168 5.894617080252e+00
172 6.142423322618e+00
176 6.392569797753e+00
180 6.641444385384e+00
184 6.886126830486e+00
188 7.124745971295e+00
192 7.356610402847e+00
196 7.582137840128e+00
200 7.802653551045e+00
204 8.020132310258e+00
208 8.236935454626e+00
212 8.455565086201e+00
216 8.678435591170e+00
220 8.907654213232e+00
224 9.144807275533e+00
228 9.390763201099e+00
232 9.645521426416e+00
236 9.908148737337e+00
240 1.017684196340e+01
244 1.044913312726e+01
248 1.072221470584e+01
252 1.099332404796e+01
256 1.126010609421e+01
260 1.152088271127e+01
264 1.177478985586e+01
268 1.202178348240e+01
272 1.226254454565e+01
276 1.249832468145e+01
280 1.273076950146e+01
284 1.296174363795e+01
288 1.319316833113e+01
292 1.342687313780e+01
296 1.366445984286e+01
300 1.390717837302e+01
304 1.415581974616e+01
308 1.441063738174e+01
312 1.467131249224e+01
316 1.493697889713e+01
320 1.520631574217e+01
324 1.547770397504e+01
328 1.574942762636e+01
332 1.601988938367e+01
336 1.628780633389e+01
340 1.655235757162e+01
344 1.681326806266e+01
348 1.707082758856e+01
352 1.732585478984e+01
356 1.757962156831e+01
360 1.783375250746e+01
364 1.809010958603e+01
368 1.835066701885e+01
372 1.861737698817e+01
376 1.889202602898e+01
380 1.917608474081e+01
384 1.947056011220e+01
388 1.977586847810e+01
392 2.009175478554e+01
396 2.041728604522e+01
400 2.075093967197e+01
404 2.109078994107e+01
408 2.143477208313e+01
412 2.178098210730e+01
416 2.212796031487e+01
420 2.247491204368e+01
424 2.282183748118e+01
428 2.316956489810e+01
432 2.351969938455e+01
436 2.387450708177e+01
440 2.423675328728e+01
444 2.460950574782e+01
448 2.499590729770e+01
452 2.539891943024e+01
456 2.582104331043e+01
460 2.626403749393e+01
464 2.672866913167e+01
468 2.721455075045e+01
472 2.772011822706e+01
476 2.824278916923e+01
480 2.877930375873e+01
484 2.932620253103e+01
488 2.988035629897e+01
492 3.043944985898e+01
496 3.100233864186e+01
500 3.156923622587e+01
504 3.214173221282e+01
508 3.272266846570e+01
512 3.331591098843e+01
516 3.392604856293e+01
520 3.455803673964e+01
524 3.521679632924e+01
528 3.590677580599e+01
532 3.663149942165e+01
536 3.739314471553e+01
540 3.819221641850e+01
544 3.902739610775e+01
548 3.989563589145e+01
552 4.079252431911e+01
556 4.171289126654e+01
560 4.265155657868e+01
564 4.360408973752e+01
568 4.456745007739e+01
572 4.554041587737e+01
576 4.652376694362e+01
580 4.752023592018e+01
584 4.853427330458e+01
588 4.957167752941e+01
592 5.063913202960e+01
596 5.174367732937e+01
600 5.289213782228e+01
604 5.409052579910e+01
608 5.534345986875e+01
612 5.665365634878e+01
616 5.802157100304e+01
620 5.944527293333e+01
624 6.092061291712e+01
628 6.244170314695e+01
632 6.400166358957e+01
636 6.559353104271e+01
640 6.721119121935e+01
644 6.885019428068e+01
648 7.050834804024e+01
652 7.218603560513e+01
656 7.388625594030e+01
660 7.561442177129e+01
664 7.737796402857e+01
668 7.918578947260e+01
672 8.104762725348e+01
676 8.297329083954e+01
680 8.497188158484e+01
684 8.705097269193e+01
688 8.921583588881e+01
692 9.146880072377e+01
696 9.380885618415e+01
700 9.623160267047e+01
704 9.872962898215e+01
708 1.012933235187e+02
712 1.039120446952e+02
716 1.065754971829e+02
720 1.092751143039e+02
724 1.120052484006e+02
728 1.147640174742e+02
732 1.175537283232e+02
736 1.203808677496e+02
740 1.232557036176e+02
744 1.261915591022e+02
748 1.292038220787e+02
752 1.323087413708e+02
756 1.355220584862e+02
760 1.388575396116e+02
764 1.423255117878e+02
768 1.459315616131e+02
772 1.496756044023e+02
776 1.535515476814e+02
780 1.575477280280e+02
784 1.616481843248e+02
788 1.658346629525e+02
792 1.700890804266e+02
796 1.743960567316e+02
800 1.787451199373e+02
804 1.831322705420e+02
808 1.875607425464e+02
812 1.920409495242e+02
816 1.965897110464e+02
820 2.012289003392e+02
824 2.059836504495e+02
828 2.108802334847e+02
832 2.159437177091e+02
836 2.211955321240e+02
840 2.266511309924e+02
844 2.323180329923e+02
848 2.381945724708e+02
852 2.442696953598e+02
856 2.505240227128e+02
860 2.569321897020e+02
864 2.634661966763e+02
868 2.700992695212e+02
872 2.768096071604e+02
876 2.835834373757e+02
880 2.904169831857e+02
884 2.973171837887e+02
888 3.043012298394e+02
892 3.113951065442e+02
896 3.186313809234e+02
900 3.260464509269e+02
904 3.336774392226e+02
908 3.415589033654e+02
912 3.497195672663e+02
916 3.581793512809e+02
920 3.669470591462e+02
924 3.760191207909e+02
928 3.853797407853e+02
932 3.950026354549e+02
936 4.048542743391e+02
940 4.148982401992e+02
944 4.251000812395e+02
948 4.354319317268e+02
952 4.458762522390e+02
956 4.564282517790e+02
960 4.670968194145e+02
964 4.779040274036e+02
968 4.888834170327e+02
972 5.000773339825e+02
976 5.115335697037e+02
980 5.233015330172e+02
984 5.354281623968e+02
988 5.479538174739e+02
992 5.609084578763e+02
996 5.743085036308e+02
