0 1.000000000000e+00
3 4.497655080376e-01
6 4.386369589491e-01
9 4.289475015485e-01
12 4.202505026652e-01
15 4.122080317361e-01
18 4.045719079789e-01
21 3.971713576482e-01
24 3.899056814033e-01
27 3.827385380637e-01
30 3.756895795358e-01
33 3.688200882969e-01
36 3.622123082365e-01
39 3.559461116213e-01
42 3.500790182501e-01
45 3.446345992594e-01
48 3.396006840246e-01
51 3.349351219347e-01
54 3.305751912636e-01
57 3.264472625812e-01
60 3.224748942558e-01
63 3.185850172442e-01
66 3.147127078662e-01
69 3.108052114679e-01
72 3.068255449449e-01
75 3.027554080700e-01
78 2.985965588590e-01
81 2.943695984089e-01
84 2.901095391504e-01
87 2.858585589811e-01
90 2.816574893301e-01
93 2.775381606322e-01
96 2.735183628407e-01
99 2.696001262430e-01
102 2.657709352771e-01
105 2.620068743373e-01
108 2.582766674878e-01
111 2.545458849070e-01
114 2.507809497869e-01
117 2.469527968698e-01
120 2.430400554508e-01
123 2.390315112793e-01
126 2.349274639343e-01
129 2.307395781599e-01
132 2.264890243354e-01
135 2.222030976149e-01
138 2.179109466735e-01
141 2.136393178715e-01
144 2.094091866806e-01
147 2.052338294192e-01
150 2.011184500605e-01
153 1.970611082657e-01
156 1.930545017190e-01
159 1.890881351307e-01
162 1.851504920463e-01
165 1.812309405386e-01
168 1.773212060140e-01
171 1.734163230725e-01
174 1.695150423465e-01
177 1.656197284698e-01
180 1.617358436007e-01
183 1.578711579365e-01
186 1.540348503785e-01
189 1.502366499259e-01
192 1.464861243444e-01
195 1.427921616878e-01
198 1.391626321017e-01
201 1.356041787173e-01
204 1.321220753333e-01
207 1.287201030110e-01
210 1.254004281409e-01
213 1.221634981093e-01
216 1.190079955510e-01
219 1.159309009449e-01
222 1.129277046432e-01
225 1.099927873055e-01
228 1.071199587961e-01
231 1.043031162084e-01
234 1.015369558146e-01
237 9.881765339792e-02
240 9.614341456646e-02
243 9.351479521229e-02
246 9.093470843894e-02
249 8.840807345326e-02
252 8.594112355163e-02
255 8.354046336154e-02
258 8.121202890894e-02
261 7.896013458430e-02
264 7.678677494546e-02
267 7.469129081127e-02
270 7.267042924510e-02
273 7.071875269065e-02
276 6.882930344638e-02
279 6.699441119969e-02
282 6.520653598344e-02
285 6.345905368048e-02
288 6.174690558971e-02
291 6.006704436841e-02
294 5.841862032046e-02
297 5.680287295541e-02
300 5.522272927860e-02
303 5.368216042395e-02
306 5.218539950941e-02
309 5.073615720853e-02
312 4.933697214225e-02
315 4.798879822692e-02
318 4.669087303382e-02
321 4.544085084697e-02
324 4.423513977874e-02
327 4.306936213045e-02
330 4.193885833857e-02
333 4.083916831709e-02
336 3.976644064193e-02
339 3.871773449565e-02
342 3.769119096627e-02
345 3.668606168995e-02
348 3.570259689941e-02
351 3.474181249232e-02
354 3.380517412686e-02
357 3.289425026770e-02
360 3.201039016888e-02
363 3.115447460592e-02
366 3.032676892449e-02
369 2.952688543668e-02
372 2.875384197677e-02
375 2.800619016260e-02
378 2.728218195454e-02
381 2.657994502990e-02
384 2.589764354649e-02
387 2.523360842226e-02
390 2.458642855223e-02
393 2.395500061097e-02
396 2.333854004233e-02
399 2.273655951329e-02
402 2.214882346452e-02
405 2.157528833642e-02
408 2.101603757617e-02
411 2.047121884974e-02
414 1.994098846473e-02
417 1.942546547919e-02
420 1.892469592229e-02
423 1.843862636125e-02
426 1.796708578158e-02
429 1.750977518151e-02
432 1.706626501488e-02
435 1.663600122362e-02
438 1.621832076611e-02
441 1.581247713822e-02
444 1.541767545262e-02
447 1.503311536780e-02
450 1.465803876870e-02
453 1.429177781826e-02
456 1.393379803211e-02
459 1.358373059138e-02
462 1.324138844372e-02
465 1.290676207614e-02
468 1.257999327412e-02
471 1.226132852781e-02
474 1.195105744478e-02
477 1.164944469689e-02
480 1.135666573303e-02
483 1.107275611933e-02
486 1.079758194235e-02
489 1.053083489576e-02
492 1.027205151365e-02
495 1.002065249830e-02
498 9.775995794488e-03
501 9.537436051888e-03
504 9.304383093007e-03
507 9.076352582449e-03
510 8.853003040535e-03
513 8.634154674356e-03
516 8.419787386697e-03
519 8.210017889677e-03
522 8.005058933463e-03
525 7.805166711731e-03
528 7.610584712839e-03
531 7.421492908232e-03
534 7.237969910540e-03
537 7.059972925907e-03
540 6.887336801579e-03
543 6.719790195245e-03
546 6.556984575549e-03
549 6.398530654157e-03
552 6.244036788312e-03
555 6.093144513004e-03
558 5.945557315447e-03
561 5.801059851964e-03
564 5.659525986227e-03
567 5.520915327600e-03
570 5.385259354542e-03
573 5.252639582978e-03
576 5.123161327578e-03
579 4.996927124080e-03
582 4.874013661029e-03
585 4.754455144353e-03
588 4.638234633032e-03
591 4.525283400284e-03
594 4.415487132405e-03
597 4.308696988290e-03
600 4.204743253800e-03
603 4.103449453866e-03
606 4.004645186191e-03
609 3.908176467986e-03
612 3.813912929985e-03
615 3.721751680003e-03
618 3.631618052809e-03
621 3.543463744887e-03
624 3.457262994104e-03
627 3.373007509720e-03
630 3.290700805206e-03
633 3.210352466707e-03
636 3.131972743739e-03
639 3.055567714915e-03
642 2.981135187884e-03
645 2.908661448442e-03
648 2.838118969354e-03
651 2.769465201429e-03
654 2.702642570504e-03
657 2.637579772238e-03
660 2.574194382017e-03
663 2.512396683393e-03
666 2.452094479493e-03
669 2.393198507755e-03
672 2.335627950685e-03
675 2.279315445378e-03
678 2.224210963451e-03
681 2.170283981648e-03
684 2.117523508159e-03
687 2.065935774529e-03
690 2.015539728844e-03
693 1.966360823769e-03
696 1.918423909509e-03
699 1.871746236807e-03
702 1.826331590371e-03
705 1.782166395938e-03
708 1.739218315227e-03
711 1.697437442053e-03
714 1.656759828711e-03
717 1.617112772612e-03
720 1.578421110399e-03
723 1.540613697236e-03
726 1.503629271514e-03
729 1.467420998663e-03
732 1.431959142650e-03
735 1.397231530098e-03
738 1.363241747569e-03
741 1.330005327342e-03
744 1.297544484756e-03
747 1.265882205612e-03
750 1.235036582148e-03
753 1.205016227358e-03
756 1.175817373842e-03
759 1.147422943060e-03
762 1.119803534301e-03
765 1.092920002638e-03
768 1.066727114552e-03
771 1.041177696762e-03
774 1.016226709871e-03
777 9.918347561501e-04
780 9.679706459092e-04
783 9.446127846221e-04
786 9.217492951566e-04
789 8.993769478258e-04
792 8.774991212960e-04
795 8.561231383396e-04
798 8.352573889587e-04
801 8.149086536865e-04
804 7.950799712360e-04
807 7.757692737515e-04
810 7.569688687460e-04
813 7.386657110794e-04
816 7.208423057626e-04
819 7.034780251676e-04
822 6.865506118479e-04
825 6.700376612068e-04
828 6.539179234917e-04
831 6.381723192740e-04
834 6.227846166248e-04
837 6.077417648566e-04
840 5.930339151322e-04
843 5.786541809787e-04
846 5.645982022713e-04
849 5.508635766717e-04
852 5.374492161248e-04
855 5.243546766927e-04
858 5.115795012391e-04
861 4.991226085970e-04
864 4.869817604210e-04
867 4.751531367886e-04
870 4.636310513875e-04
873 4.524078341533e-04
876 4.414739015033e-04
879 4.308180211805e-04
882 4.204277610204e-04
885 4.102900907059e-04
888 4.003920854809e-04
891 3.907216636467e-04
894 3.812682780960e-04
897 3.720234785328e-04
900 3.629812674513e-04
903 3.541381908426e-04
906 3.454931340233e-04
909 3.370468317114e-04
912 3.288011443291e-04
915 3.207581917486e-04
918 3.129194626038e-04
921 3.052850248693e-04
924 2.978529488874e-04
927 2.906190201811e-04
930 2.835767737077e-04
933 2.767178333647e-04
936 2.700324993121e-04
939 2.635104966104e-04
942 2.571417836404e-04
945 2.509173168431e-04
948 2.448296774721e-04
951 2.388734845069e-04
954 2.330455444318e-04
957 2.273447219227e-04
960 2.217715529477e-04
963 2.163276586019e-04
966 2.110150476272e-04
969 2.058354114281e-04
972 2.007895133120e-04
975 1.958767537385e-04
978 1.910949602869e-04
981 1.864404126088e-04
984 1.819080770189e-04
987 1.774919987046e-04
990 1.731857846161e-04
993 1.689831066149e-04
996 1.648781602073e-04
999 1.608660264443e-04
