0 1.000000000000e+00
2 5.211876524598e-01
4 4.482494755466e-01
6 4.134291755029e-01
8 3.864806774647e-01
10 3.604080235166e-01
12 3.385626338863e-01
14 3.228774166417e-01
16 3.091826141897e-01
18 2.941418770396e-01
20 2.778702113574e-01
22 2.630006359577e-01
24 2.494879754586e-01
26 2.352535873987e-01
28 2.193878715508e-01
30 2.032301507932e-01
32 1.882108676891e-01
34 1.740274768156e-01
36 1.599401504400e-01
38 1.458683601686e-01
40 1.324024842862e-01
42 1.201889544582e-01
44 1.093260896721e-01
46 9.935273155124e-02
48 8.983486417497e-02
50 8.091637842368e-02
52 7.308637498614e-02
54 6.636755802823e-02
56 6.029678536990e-02
58 5.454818895738e-02
60 4.923934461393e-02
62 4.461944294021e-02
64 4.062941707830e-02
66 3.701689668819e-02
68 3.363747142677e-02
70 3.053175978067e-02
72 2.778000830909e-02
74 2.536268782838e-02
76 2.318947834822e-02
78 2.118379125025e-02
80 1.932435073969e-02
82 1.763524303050e-02
84 1.613637643125e-02
86 1.480271826847e-02
88 1.358001880571e-02
90 1.243369059747e-02
92 1.137442067380e-02
94 1.042812909166e-02
96 9.588558570842e-03
98 8.820845208469e-03
100 8.099299334697e-03
102 7.427216795824e-03
104 6.820193303416e-03
106 6.278190845227e-03
108 5.784657596309e-03
110 5.324452191249e-03
112 4.894506339577e-03
114 4.499942414598e-03
116 4.143560272149e-03
118 3.821001319752e-03
120 3.524092761924e-03
122 3.246695921030e-03
124 2.988189681131e-03
126 2.751718162970e-03
128 2.538401606460e-03
130 2.344291645316e-03
132 2.163606711336e-03
134 1.993784475628e-03
136 1.836647401334e-03
138 1.694376831316e-03
140 1.565634254959e-03
142 1.446710161522e-03
144 1.335070072982e-03
146 1.230920926854e-03
148 1.135602114545e-03
150 1.049155720741e-03
152 9.700137227535e-04
154 8.964147822615e-04
156 8.275720188814e-04
158 7.637154536216e-04
160 7.052725769640e-04
162 6.520569610671e-04
164 6.031815203764e-04
166 5.576463650100e-04
168 5.150081290521e-04
170 4.755059707016e-04
172 4.394674797092e-04
174 4.066591480735e-04
176 3.763591988523e-04
178 3.479656823013e-04
180 3.214116758035e-04
182 2.969712208203e-04
184 2.747238464283e-04
186 2.543491715507e-04
188 2.354042821276e-04
190 2.176591419895e-04
192 2.011556860063e-04
194 1.859995894570e-04
196 1.721496102782e-04
198 1.594092248154e-04
200 1.475605223381e-04
202 1.364856469644e-04
204 1.261900131835e-04
206 1.167220820809e-04
208 1.080640681911e-04
210 1.000995031041e-04
212 9.268336830488e-05
214 8.573848920168e-05
216 7.928298776344e-05
218 7.335944925394e-05
220 6.794607551280e-05
222 6.295192271591e-05
224 5.828670805393e-05
226 5.391997353666e-05
228 4.987349346294e-05
230 4.616379837225e-05
232 4.276360433434e-05
234 3.961739218947e-05
236 3.668005196831e-05
238 3.393754858756e-05
240 3.139722450795e-05
242 2.906301150346e-05
244 2.692017457989e-05
246 2.493984348526e-05
248 2.309489452483e-05
250 2.137315215922e-05
252 1.977773309335e-05
254 1.831401154638e-05
256 1.697573475147e-05
258 1.574440763319e-05
260 1.460106271032e-05
262 1.353733514825e-05
264 1.255493578565e-05
266 1.165455485577e-05
268 1.082660815605e-05
270 1.005287164483e-05
272 9.314826042037e-06
274 8.599853188256e-06
276 7.901079473835e-06
278 7.212989633470e-06
280 6.528690605989e-06
282 5.842752592664e-06
284 5.158301279547e-06
286 4.493150050782e-06
288 3.878510009886e-06
290 3.347787819784e-06
292 2.922274509134e-06
294 2.604295667490e-06
296 2.380509686425e-06
298 2.229879056330e-06
300 2.130707987980e-06
302 2.064654066361e-06
304 2.017957397109e-06
306 1.980831601614e-06
308 1.945916672492e-06
310 1.906387041263e-06
312 1.854040808146e-06
314 1.777906217516e-06
316 1.665055136191e-06
318 1.506904658632e-06
320 1.311334008451e-06
322 1.107178458490e-06
324 9.261749635040e-07
326 7.826278812913e-07
328 6.739233944978e-07
330 5.906017003667e-07
332 5.230941466386e-07
334 4.641394049032e-07
336 4.093127168760e-07
338 3.572031962972e-07
340 3.091848849232e-07
342 2.678841250378e-07
344 2.348088821749e-07
346 2.093067482279e-07
348 1.893944657507e-07
350 1.729448947061e-07
352 1.583097340059e-07
354 1.445213855644e-07
356 1.313507923657e-07
358 1.191791642942e-07
360 1.085485989781e-07
362 9.966264796525e-08
364 9.227886221235e-08
366 8.593355675073e-08
368 8.017621721568e-08
370 7.470006114384e-08
372 6.940259735317e-08
374 6.437741406787e-08
376 5.980265432631e-08
378 5.578085325865e-08
380 5.226702692294e-08
382 4.911736215929e-08
384 4.617501684521e-08
386 4.333468608239e-08
388 4.057574413711e-08
390 3.795355817135e-08
392 3.554349861067e-08
394 3.337697701966e-08
396 3.142301135813e-08
398 2.961542914512e-08
400 2.789099761626e-08
402 2.621748385482e-08
404 2.460383692592e-08
406 2.308577255933e-08
408 2.169317428262e-08
410 2.042590169128e-08
412 1.925605609524e-08
414 1.814752799057e-08
416 1.707621595873e-08
418 1.604117176543e-08
420 1.506047113676e-08
422 1.415303835803e-08
424 1.332169225829e-08
426 1.255181339849e-08
428 1.182266168302e-08
430 1.112024873687e-08
432 1.044423514896e-08
434 9.804979762860e-09
